id,label
6403a3f8d07557bc,0.08461287703543745
1b1d097ff5b144e1,0.086775533377458
08c7c3c71a02ca8a,0.15791200185661775
7f09e9039629a38a,0.09894931252703268
1fecfdee265e685f,0.17661604741993397
2b1b1ab99f54e1a7,0.0975762380445122
f893cdb025b56c89,0.13590178263276304
84466d5fc69b1dd1,0.16456254758169453
e0f419be2a81cbff,0.06730309192535275
d9e55e1259c7c29e,0.17407879319988342
602d7f4b0882ec4b,0.1374620359931059
67f2f87cc129d7da,0.1341712946950235
eec96ea0e1c9f7cf,0.03295227525377325
d85127e773ec4820,0.13616124611079922
9e96822b06b0f7f3,0.06774052100617423
c6489148a3f9498b,0.10128169696136527
ad5ca801b22a4eb2,0.0398860897357248
22e01b671e9f12bc,0.07333637936110463
4953dbf3e113fbdc,0.04626990090049584
95397470f084bc6e,0.3871283069035107
ff39045f375a9792,0.05764946271226738
893575902a76b6bf,0.06083713277857053
4d9211d2b44f7d9f,0.0982276999742431
8205441451789e41,0.034170636857704446
5ade617aad761daa,0.3682384007558496
7d8bd74eaaf831a8,0.13327992325260501
3a4abb16616fb838,0.05107200717547059
6e14ae545a54ec6b,0.16958451771016853
a6d127f7b7a19a79,0.12997317767926928
e29e33c4a6eaf6fb,0.10045948602908863
42b296aec3a400d2,0.09692367406455656
238a42187f0c12de,0.06952903676551446
4c99d80ab952e272,0.15783953634331357
ef909ea8db65784b,0.1446234833196444
53283f9869842cd5,0.18856371708768882
fa99ef0b96b51157,0.12878881969095898
3cdaa31c37582a6d,0.188166819374289
e007009eea08f15e,0.09862023861685681
e46769b586a6b83b,0.14838967710050202
c77497b63a864028,0.06423790299821805
bceeb0086c625fac,0.05775758020841407
5abf8e5791e5fa94,0.22079943498201537
0b7d89ea3694651f,0.1364169466751633
ce60477eea0a9007,0.20526594524940145
847baeeadbaba41a,0.08276299826107399
aefefeee7da6b616,0.1770204835852824
321cc4b04985f915,0.09340735726734536
590cfafdd102ec19,0.12213240844753066
0a3027ad8dd82438,0.0574453943159828
01e58c9ae88cd390,0.04960492270505505
8f5eb2d903aad722,0.06527480116281781
3f1b90f008fcd5d0,0.18052430430664154
9e55098b34909114,0.16640228176225877
ed3723d6f0b305ec,0.13715676661647822
e1d77367315c8c64,0.09053293670199597
b97a34687794c3cc,0.0423641984256596
2d9a8bda25c031b1,0.052088584825406944
367427e76fbb967a,0.12308921424092552
2d1de7cf3363aa2c,0.0721480935838558
d69cf5bc1f0112f9,0.043673143127537534
2a75c552e6a0103c,0.20296458815371987
943114c642b7e30a,0.06114439092893287
5f4258edf6c1b382,0.054035583223865216
ff0a817eba03cc6b,0.14982403174839837
c77fe2a4fb942f02,0.17090985865035396
df587d726667a5fb,0.1287266272346364
8c09d6fdeb48dfe5,0.04628476972964728
564e16bfb829c7a8,0.04373139026850073
e592482dff2b62bb,0.040621631179240246
33319a7020313788,0.1313233804508671
4700a73d634e28f5,0.19891538277065116
e5d9aee597bb4052,0.09543890521109033
b93533776029ab4e,0.2114206456825032
e9274894e7ca5d48,0.03499042746833305
37e126228f093cb2,0.0540701072783014
ee5e8daf19a62436,0.1994114109591081
5c2af7cb33fcb9b8,0.09188658263933554
dd6cf914fd458758,0.04820850296673171
7943edf1ba3d08c4,0.06538579773478921
50dccf68b6d84c9a,0.0800845252082718
71b1d024ea8e0791,0.11784679769718852
a8ccfbc903739855,0.05221360507851145
bbf9130a10bb2e61,0.03968201640809007
41a2cd1fb3af1f62,0.09572274958064139
e5b00c5e94bb1efc,0.119365859644592
8a2951b875e32f95,0.051151407774118064
4b4241c32f2ae2c3,0.062278864490847886
8beed49416c057b7,0.07129430091491057
1cc185c7cde5f29e,0.18059659075318715
635d0e269bd151c8,0.040335546413360054
9eb98f9a7202dfe8,0.04284338835330312
c224615f7e3ecda9,0.04170928271197426
f93a14286735bede,0.06672757331129536
c118092c44e808f2,0.13537253388765774
0972b7359cd12fb8,0.0378536982692802
22318b12ec6eb14f,0.15559714122734872
9c92d4068021c258,0.17890442872859785
053aaf6bcba9464c,0.077901290608357
966f0341c7d1f5bb,0.06125874259037262
624826d8d4f7d476,0.07386520537693428
250e83ae550b1992,0.2271149014331717
9ff420d30b835836,0.1311585093523854
f74cb9754e9ea82c,0.09308322898226647
8ab5a2752e698725,0.07321808339349227
56957aca1f34dcea,0.1337091176862438
a6c0cf21bf0a1be2,0.029724548642146836
427e6266110ac72a,0.1819355062253814
7b84fe626f3ebccc,0.13559961684529542
6abd9ee5808aa267,0.0663594339906454
15aaf86082111e4c,0.1666981789777401
afb1bcdc94b9bce3,0.03867860022893758
93a337e7b4fedfd4,0.1227569209710629
cddee4f1517d9dd4,0.0889660558743523
755140c7bd8e7223,0.0990841803140421
0ae88cec371ee0f0,0.04228684315309224
08a9f02754051fc8,0.237906556114701
4bab179b9218d454,0.08860153580806088
2af9aad0b831d3ec,0.0412772918080049
7d330fd87e35ee09,0.10392133346842396
d79f0de699294b3b,0.14948379111525134
652a8c0826eb2609,0.13553291637573014
2ae2ef63a2565c3d,0.17595741301437157
1bcffad3764f7c4a,0.08239076066823757
707e78f41fd82174,0.04988978814818696
e4824a55ce76b702,0.04135869611625909
993182bb80730c31,0.1109515125860649
dd67c105d030f636,0.15018556792064933
3dc4dceeeecb58eb,0.13063896544606313
90a67d119116b976,0.1596626712853899
a483f8d40e026f5d,0.03463972587605072
3d24648e710fafb4,0.060203010085360144
9104c44e8910b122,0.04568198577936017
47b77ad7aec9f1dd,0.0565711603682279
a66cc4155a0edaca,0.12546485008018
1f4dcc29503e1a4d,0.11616717245185454
0a295834d6044914,0.06626637485207525
bdce8615df21ee2f,0.033746202489350015
694b4d3b1ed04c61,0.04966114495791591
ffd75ff5c92f624d,0.12515811607804225
717e992041e77d9a,0.134574002421356
eb5157274916100f,0.12936091628788876
b77c5c610fc74da8,0.04520613984875996
41d2ba14e653bbad,0.15460070514483654
f2b612c9be07aabe,0.14177883608055866
3451e892c310a998,0.08443035848160316
2ab24c04722d8bf6,0.05340824832963924
38ded7c17115e7e6,0.17292173976412206
afed8219aa70efeb,0.08952948063521059
1e9c4d7d2de01fba,0.12857439389634773
c1bda90e9a3b9ec3,0.08013058810638418
d406fda410e7c177,0.18980648936559585
f49753bbcfabdaff,0.09487166021780316
4daee2e232e58a56,0.20816150265938602
858a9c1611f558cb,0.10366662531081941
05b0a9e8b1444d99,0.0937536238190036
8b2ac5da79a42e4a,0.16961655196425796
222fc0675ea28b67,0.04448095304525635
77cb5f88dff15921,0.10364207033282859
947d5752d88dc00c,0.2068955422961411
309a531dddebb471,0.17092931253221375
7e5f9d7d0cdf5a81,0.0454794493434419
6dfe2ff41e67b01d,0.07707423459737324
9a51f7696f388499,0.10545854012081766
9c5cb5a9b9b2b4cb,0.15280163692845947
bc7e89abddb2aa54,0.7057809219164409
5d3eff0bafcd186f,0.14323711712410064
d592e9d5579075d5,0.06657652490095181
475f765f9fa22959,0.1569988815809884
71d36204d6040aaa,0.14591499962341806
78119b8ffb9aa8ab,0.045871339458069704
09d1e9b9b858fe18,0.1403655425003545
ba5f5f59e3b0b755,0.1538302910324562
3b7344f40bf64734,0.10226453075863556
1f72c876a5e3738a,0.13945609773278408
86262f7438a90d1d,0.08990441145322565
3f6e10ed3e6a6303,0.2279462780370995
ada42e94aae1a58f,0.1602403562149259
b5320e4cd134414b,0.11474727050395152
ef83ac91e80ddd9d,0.08474269009317797
b8a457f0c9f14bef,0.08014751896713855
74947cda3decdbb1,0.0967426860902627
a39392c735bde1ac,0.07941363314964443
afb321701a74d5b0,0.04145887270772729
df401b9701e04299,0.059442154564455486
c9b67772b4c4f44b,0.1608223636096128
b5665177cd7b6c5d,0.029280375319602883
1d621e5fa6b0c45f,0.10035094619704885
2d595ec6f4c2524c,0.0800596649740202
6a96a53512d24696,0.06810590391942214
b3a68808640b25da,0.043272897432432955
cd9f2b2346e70af7,0.055656514009239655
d78d162e0d903e67,0.17051138665918403
512b0444982361f4,0.16206275552086477
36f4f9a58e05409e,0.059529569272611466
e4b4fc878504822b,0.09784585393061798
d2c6c32ea3387653,0.03962400798067095
62d5596d1fe892ad,0.18559824205711767
8756eb85074bbf32,0.05267458223142349
9120f37fb674d8d5,0.11660351249076938
ad529a51765d4ec3,0.0618082909302895
f5e98c69a45e4a76,0.16499500954456311
4e8ecc5a6ef67336,0.08545707747628707
e26f37d892f837e3,0.14498094374634682
377bd33e8a9d5e7b,0.07541380772267002
7277e822016a05a5,0.14138559259663008
94fed9a4092a19bd,0.09298513011120668
28d304cf97ca614c,0.128993531546808
5a5195df47e373d6,0.03887399834815398
ebc9acfa1d364336,0.05637309510097398
5d76c6de5ee62843,0.1080446361801427
511d1dd15e99184d,0.11035662131213592
b6d744f202fb4a14,0.1445691304540155
43c3e8abee7ceeda,0.1275229911198718
41afcd725afd0bb9,0.09948719146658408
bd4f0c1a61da90cc,0.2633946017429604
ac5e8e6812e3a526,0.135187201790476
61843635f4d407cc,0.1703634201908074
d643d4e6d84db59f,0.13311338281414944
5c0b8bce49a0a773,0.1483298097366494
7c6020b2e5dae41a,0.13090571736058104
4a6f26c4ccfa8a2a,0.053337994982344525
f5ff436197b8129d,0.10145786483134381
27b8587241bf56d8,0.07023626908554155
a198a7b963854e6e,0.04217826469708342
8661667952751501,0.18365163254620645
282a1321ef8c1306,0.08668623856978466
db3dd0b21b03ce9e,0.13208949864121702
3bdc9a83d65a78f8,0.11886592755899292
2983651d59dfaedd,0.15025821398493236
ba2be23d69668658,0.055812894973918614
89d58eb00d13e4fd,0.06457862088434399
d2caeec36f4769a6,0.08880208522332352
dc23c7fae5f57288,0.06637619295389728
c6e284593c89d176,0.1436884542419359
523464c4f48eb02d,0.20972455725149675
cc7624fbfc77736e,0.16721428361694807
6b0c371df7cfc676,0.1159629028380577
986e8a5497d243a9,0.18340680797701908
0880ed3a1a77013a,0.13031706421688227
791d60ceeffd7ccc,0.21042263167785466
1fb2b452cb819b3a,0.15681787187510804
6e683e5731d8aac7,0.12685541317476254
d752f92de2b858c1,0.061951486794168696
91654f6c88bcc480,0.06696821693453975
308caeebcc6bc059,0.0767872547413625
0a092e2b8c9c06c5,0.13848528282397887
e29749c7cbb0ef48,0.04410647841772229
02521319f8872bf9,0.042832098070545666
f699494da66c4efe,0.11808393927180393
060f874ec99eadc4,0.09274172092723854
1a2ea8a74fd54c2b,0.10247464168170574
a98b83e132c75465,0.042378874140238096
0fe8ca7c247fab07,0.1203397621498394
c8d9bcea59632f23,0.11390156089218169
0ab0d9c2a040f32e,0.046479834141915664
a03fc647d8141fd3,0.1967328674981787
1036e1cd53a850ec,0.04929477268592193
519d3f96c9895253,0.055219181639603085
28df6bdb66f8e09b,0.22066036191593777
89713786047cfd0e,0.10391867280652163
6389830954a0227d,0.09527470682053815
8a5f2d2c5004dead,0.04552143037251809
19d4cd44aecb29c7,0.1100528198049185
2ed9718fa269e456,0.12115217170789164
31d0832c9b203b46,0.07025580622057964
e21b68ce26bfc500,0.13468926455616093
cf8783ddc0b9bf95,0.043925112010127255
fcd44919c1b3f412,0.18542251536013554
c6e50665e7bf8738,0.0950006832850136
ce0179fa676d128e,0.25517133392225655
423e064e247fe04c,0.15081839790064855
0ebb4ab2c338fde0,0.10910113840354825
37337cc831e40a2d,0.11534159893947112
04eb53517170d936,0.07653315043636434
dac684a7b8635061,0.08780280860504835
a2f354d17d1431d3,0.12411180139965806
8a42e6579214e167,0.09868814714849625
c35d24cd26008161,0.10837459426503886
077789ab8d103e29,0.1257743072569792
5deb9f3705c67be7,0.12694404079653648
dc531f502bccc4fd,0.10132681001562248
ab4b4d6c12291a2a,0.08094990744558744
47b284804faf97e4,0.1060889616472218
d46bd1fa92be695e,0.04904714524920725
11c536ec56a47156,0.05128561545839872
d5bd7d0c4a297748,0.038706254477331364
d30e6ef239a13f14,0.1565203719519459
8be010237b513256,0.1597899496086721
e3ed18d3d53d8aed,0.07125376154699573
a9f5c2f8c5922e10,0.1698101493923018
05a75c012be2ab6b,0.2879910729837406
a068617fc089ad48,0.11283829795830246
687932e8fcf71376,0.0461330240876011
fedeffd4ef29f976,0.051712754706133394
5d3e23d9b2256c27,0.08241268050533647
c6544d7502deea99,0.07793757168702417
096cba9bc78d7637,0.16230683222673742
76b587348b5c4d59,0.13637366696391476
62185555ed060f0b,0.11680578435236699
b538966eb4ce164f,0.042048851434864976
8dfc12a6712b0903,0.15026651323770343
3ab52adc4b1c1768,0.06243000666276006
463847f9a1f414b6,0.1424988995351195
e93e14d11fc793e7,0.05070092923793491
2cd7ea4ff0b97ed6,0.10142333179926487
3cf1ec0a8c671d61,0.044695441398396915
e39df281ee7e153e,0.06040453116143038
272a6816ce2c7c9d,0.07906808621772635
f56230f889018c95,0.1568408354444053
4119f28f6d4d40eb,0.11728101663281688
3e744e15c1c6600a,0.09973566875713968
7975b8ce43d7163f,0.13070013168892078
76519a1ae0dba3b0,0.09347684893326838
6f6aca7dc35afbbe,0.0780689778970129
658aa810bdae773d,0.28366857076222507
41c3618b9180e8e2,0.08003085737351699
7cd53693b2b3a4b3,0.05553198126133921
a450a4bce9f2cac2,0.13359872140714335
05bd9ec45ff54b8b,0.04398978264198508
0d67ef8a9dd3249f,0.12248115179355348
514cfc846a144390,0.13494237248435978
2856a2a0114ba55e,0.18851693837266773
ebe02c0b1c116ac9,0.054821364933337516
cc31cb4421bd54a5,0.12627591494508938
d63593c7bd5f72a9,0.14234397220902176
962b8c33b5be069b,0.05790589743202143
40e508ceed1116f3,0.05968633003778044
668eca9c4cdf1507,0.14624468822264114
c15735bac7d4e6bd,0.058089444119196816
09d2cd5ccb05a325,0.08184461406035112
71ed58a8f5d479e3,0.1468861556523908
56fd1ce474cc243a,0.19316874605169296
4c4fc4fe6dea340b,0.15954455649084967
68fcea284ddff8ff,0.13323051332797814
8913329e85f873f7,0.12432822971133911
7a210b4ff6c29678,0.13159852320995094
91bd2a01c0384263,0.18247424021244557
14e4e31c9bd8d90b,0.04811098038480962
410f92d0f317cc8e,0.11485267311457291
780cd523f303a8ba,0.0714960546068698
77ae2af1842fa5b4,0.07763025350880208
eebeb3dc997eab87,0.12707526779886286
fa6c4d5205fdd5db,0.2876586622304161
f1798e22aeb3b385,0.290519393983623
8af0df5286089649,0.09797027755715679
6e224e4033db63b7,0.0426428520312086
b8624ae03bb7e7d7,0.047810697210606316
52ca2f9cf118011b,0.3484480913705335
52c5dee14f8320fc,0.13702811581050944
43a4ed5577b3346d,0.12744442824959695
332563e196c7a1ee,0.21547746562889936
cc4b32b77225218c,0.13619737280880911
0b34a503e14e5271,0.20047712476497115
33100c4fe51f7435,0.10919313269732031
6de5ffe2b6664d73,0.04513980790486459
ba39076152cb0ee3,0.09298599291718133
aed179ff9c81f4f1,0.04050614837636042
ea1a9bf792fb6a7e,0.06026802550077994
2f06ce2d10fe3866,0.1408408060259398
11855575a4718674,0.08759701336630557
06d39de4f0e13f3b,0.11716540117819466
5fd7c68abce444af,0.152999307402346
d464bbc0a2f6ec7f,0.18401166275039382
86a7d5c47fa116f8,0.03793672784319378
a260e587d0fd3fdc,0.21768892421494465
6c07a18d9f02a585,0.18386408376130098
8fd3d88e27ef7240,0.06990992359643707
80dd9757384d7ae3,0.07589457404353639
00a0f9038422aeb4,0.11317248021365078
dd38ea8c63c0a90b,0.09850023830729585
e23a165731b18098,0.19612872869777165
9bef89bb8b6e707d,0.041281678935708464
db5779805bc9128a,0.207213506615862
13c6185147e496ca,0.22339586048007434
c23ad10e1020a370,0.09783660295192315
cdc252e1304b3741,0.07072170191558083
c9866843a2ca38c5,0.09602119704654316
1193dd7feb2e1c1f,0.03753761889326992
145626c411263ea0,0.09378975745655814
b2bb6e4261a0a280,0.22709473913444847
ce6c9830339e8d23,0.12832380098280768
e5a315b7bb844af6,0.13599128198335808
d85cacbda54cea30,0.07744694490336793
ec609eb2e4100b33,0.16251832291777066
0d785515807808bd,0.15863561518606806
6bcfa2aeebd0236f,0.06329556658320412
9ed83fa2f828fbc3,0.05329958097503594
f596ac3c62688ee6,0.17570441457873165
654c4ca75e7a6d56,0.1328309457945539
162146e83243572d,0.1466418659695039
9878dbf0860838fa,0.11609917923285237
332ca627787dd758,0.16867447324805987
679ad425e74f2477,0.06884318289047325
df5a276859dd4308,0.1408792804541186
e1f7d0ae0443184d,0.13598747126359217
a6434286f4234aba,0.15005148415364042
3351a9314dfcaa5e,0.03970413607428707
e19b22778dcddf3d,0.08232050657524222
a98a59904fcba403,0.09860876456991134
efe47bc01bf23b67,0.09311104570998371
a1a862c811a320f0,0.09510691408302734
bdef7203033a959e,0.1429007330319702
0fa3fd428635e63e,0.06651748715887064
8ed23ba67702fe54,0.20346907046813745
ece14f4f1731d91c,0.1719605709429522
ca20fb73d0c544ac,0.06951994884628479
927bbcf7fa67bfb8,0.16082566004447488
deffe32d78bf8a82,0.12308714357721423
319944ea096b3a65,0.050708776695577946
19bd6f94f36d44a1,0.08365197277665928
6e7447b72d462201,0.06972994788843744
be6959210f99dd41,0.2710465769798582
bc1a4abb3dbcab55,0.07757829705478271
41032395ff67eef0,0.18689764721932034
2b4004b2678cf0a1,0.0929291022368582
469658e2c6728fd1,0.09530006206720357
e67a54cb89e72744,0.04822157125918311
0a1aa269dba98abf,0.07521019385464342
746e977975fa2166,0.033388154356722495
ca51e1b6ef04fd43,0.07624776863552607
dd96408688197b1f,0.1247443193235819
23b5530f05f1d9e5,0.13878656544426615
da29e21770225527,0.07068957973810809
adb83a06bb93e782,0.05473570576524477
0e4d2b4f26be08db,0.18439942294385547
6ece7a74dc7701ed,0.037510622790522405
e5306d42c50fcc55,0.04877667208481544
4381dd659292aa24,0.07280816289231047
e31ebedf532c25cb,0.12075536005353074
853b98dd483b98b9,0.06881957738805296
2e54b76182ee44e1,0.13008827257260597
338f6834e70af5fa,0.03149645059332112
b5abaa739dbebcbc,0.17668852927792617
5a8bb8464a290761,0.13641897709590592
f0e90b285061c449,0.04523789681046495
e66581f055ee3b78,0.1362533835959167
0a21004c4d12a011,0.07697533176674251
04cee8b938d82d19,0.052366069296446105
c2eb2ef42ef59006,0.09670334620718438
4db76ad147f6dde7,0.11385742761661088
388d2efe55423a29,0.2060071158601876
b9875250f7ce8623,0.1373896149799642
e354d93aaeda004f,0.28470110535925724
39e7b31ad6490a4b,0.12769240773882332
a31878efea02ed42,0.06987743709119795
4db06f2609831909,0.1306653412172696
e23ceacf623bf244,0.11660197219757873
5b30a3dce1e3fc54,0.1867003925291667
9b09b933e5488d29,0.10408521918991409
64f0282d10422cde,0.07964216182757358
d171c9bf0e731793,0.11372339491144734
699a9d5c734b80f3,0.09756206774865839
79281527b5fd74b9,0.06471872186977458
63b9f2af8362641a,0.12561726690786312
8e20990222b8b1d1,0.09618676695994487
cbfad4f1f811ddcf,0.17029264257245846
a6dde1511fe8d47d,0.06997638773980214
54e8815e9966bb51,0.2229477263981561
cda24d31d8c08104,0.11735325088768522
2e41b0e18fd08067,0.04413879121301047
6e8f4f5c6e28c26a,0.1367887466978728
1f4157812e2bb339,0.13232509538054704
c2d3133094dc0fad,0.03944153823443347
e7e2da8351240636,0.07854813821008762
ef2946985749757f,0.0679952428748468
ae735efdf3a84f05,0.13881974914500944
8a459d7c2b588a93,0.17983663906914266
df0d35696f4b164e,0.09854093042584804
8f745cf8cd93face,0.04060095653152695
7aef10c8e6aae208,0.05754942064975929
706e881832fde05c,0.1993942446592164
03a6674f904defe8,0.07232674592578361
f00500b8110dde92,0.14883745838860066
1475216e327695c5,0.1498188807654211
3fc20688817559fa,0.03754941976893718
70df3ece5d814a70,0.05161397209794162
bcf591e552b3ba82,0.034179509750568327
a04e514a6ca8156d,0.19740038450554875
f83e082f10dc4f9a,0.047838444038911805
21a0898a3f0c502a,0.05567437493289641
c9afe9c2efa6168d,0.05902280248622188
9423152627c5de85,0.1599474025489182
fc5761df1ee97d2a,0.06098322271160808
b51c1517f2b27082,0.06771460044000963
966bd6f4b801db6c,0.15424285055983963
c39f09a3a7ee5d1a,0.1348107686231551
cd4ab667a784a10d,0.17623630823593095
053911f801591901,0.12864050187143755
4c12cd87dc745584,0.14652224676170128
f0c4df4801e5dd7b,0.04391034909073289
1cdb9e6374b25c46,0.05527052569095026
55a04d93184e2087,0.12695776289065422
b0259adc08c321ab,0.09050129701999167
3ebefad692cdc413,0.07879231452684228
83d05a33f78392ef,0.07042201549243413
57e746a1c420f866,0.1473575371409498
7086b53e09fe17c0,0.13900154751141375
2cefa5982f1e5321,0.10777616189598171
c4a61e6a8fa1704b,0.1240473266190371
cf3db8bd220d5bdf,0.14476960144914838
75c651d11c0a0337,0.05470272069542612
10dca6cd4d946194,0.0969355693931908
316d771ed9f0b6a1,0.08864350964823034
ef64650ddba7c539,0.04107273419829528
721f58982ee85da8,0.17182709809908844
e8f08bd5b06f41ef,0.03231094284289388
8c2e815ac865660d,0.1652085381862486
8191fefedc6afd32,0.04939964122018173
15c9fc425aed1fd5,0.1392635685072761
52f896a602e74ef9,0.16427811127791725
c8a94bf1f874596b,0.12022940913466044
64024839f91aaea9,0.13308656365989247
23a06e4e391dfcaf,0.10988248842623032
76fc88367fd4b329,0.0483844852847308
e7ffd70d1007bf31,0.0652783258693494
4df67b2b4764df2b,0.25885043742898917
5e23b5ebcc3c7201,0.1658427733011809
97c325c9980b0ab2,0.04841182075785824
3c8bace911db4b05,0.1666678594046256
d3af2a4f1b0513ef,0.1316747042479161
8a66145d22484a10,0.149117031423621
f501884aa3b0a2bf,0.03950165965286291
21f8710a682b6ca8,0.1099601095466919
67addba46911ef5a,0.16241275462428126
cd5a8d124051f2a9,0.1442508063866904
a1acde423d140030,0.03831288276463158
6284cf5236839f36,0.1057409666304031
37f720257a8a7a33,0.14999731743181824
acc257668dc46b34,0.17263672024902488
23424057c8458694,0.0786859481202449
418a7b8fddf172d2,0.2471922829721378
dc356b2589e04c87,0.15401135137110028
f64eef65821a8f3e,0.07199677920927261
9fce647d5b47563a,0.23596570869031563
52f9976ea5b478fc,0.052896009064819005
d240c91989c04146,0.21205987280940544
47ef036d29375b9b,0.21813722613122555
8808a12bef546809,0.07313286311360982
d3a20f2bcf2db8fe,0.10688238978163742
a451d8e451fac918,0.06558398185619918
9826735b01a08344,0.08589098772015842
c4a29152e2eacc8a,0.03450678102547895
631690ed30cc1631,0.20874000242945834
d84d8a6e6ca5eec8,0.05175813825653299
efbafec85fb00cc9,0.20353176920873853
24556c1044963c8b,0.19063141473334136
5dfe6e2137dc82e7,0.043292844161107846
b2400c3aa22283d6,0.06467711280304293
71602580e012f168,0.1755976656996123
cf01eb3e54442236,0.03589946596578044
1a07d25426f87edf,0.122472410507465
13b3d3fe65bea413,0.06896414755852343
059edd840763fd81,0.16155309457661265
48288e044d74e7cd,0.12133502710174837
add068ffe0671cf6,0.046378677044930955
c99de47efecac792,0.21261197201370544
11cef543afe62f88,0.07700534069138892
e512156389905eec,0.05592898392967442
138703e658867a2c,0.1797218069777154
454c3092e6edd433,0.03593193105332607
dd957118652b5ed5,0.14169206618523053
af01fa5eafb4602a,0.09668570700849478
7bffcfd2a9da1725,0.16475010847416377
24f3f1ab071df78b,0.05321149844475051
3ec7c9ebab0a4a2f,0.1622159445632997
3c1d10f4646f69fa,0.06460499404687844
9c5f959e1195fc54,0.04105523686753008
cda81aae0a16f97a,0.14983485363175536
2bf6c949fa0b6053,0.10971011007347241
546683ea9e5995f2,0.13476988371036533
c4563254d849a8c2,0.09441382773547131
e9e85a92d9ed5065,0.0759710155573305
fc9fd5a085f168e9,0.10959336293456212
54049d409156afd1,0.1701725449042774
e4c0d5c0b9045e4b,0.1364012293720369
058f290d4016fd11,0.058677842720461684
e14cd74f951c3910,0.0679740090695678
05018e18dc83e13e,0.29745309705061745
763ff25fb3a65368,0.053346268534683404
eb5cf6bf7c8b4e5a,0.1418806008845263
013351fb7667dab2,0.09854202503587622
e08181f896cfb680,0.06204623170158594
e65d39ec9e3de422,0.1574806355490654
9cf499aa7626f14a,0.11361675434951113
f203a5ba78b7389f,0.17676027684384754
8ea386546c0f8c96,0.2087032303801494
0391f48a6955106e,0.04707281368071334
d2f70a0377eebc5c,0.05131411950769085
b96e54496b6a6713,0.15178293837858564
1ecd7d7fc32cc874,0.11661890900544818
a91fae320445e22f,0.05102230100422684
7f7f8d9e95bc3227,0.1411481463813014
8ed9c9b27ed7229d,0.07737515891202897
19862b4c0d2f34b9,0.07962471838426513
e5b1c6b3822addb0,0.14881135993234668
191edcd8d76cb951,0.3053573438050925
6b08a1554cdf28c8,0.05851562575585757
706610ca333da138,0.11093861111337443
5cb5f8466022eb46,0.12206176896741526
acb3a526d9921b55,0.0679971797353712
947db252e781ab55,0.0965725230076466
e94881433d15d819,0.06012240720303987
34439005f71e07fd,0.10588632688675075
989a2593307d72e3,0.10439871820743347
ec8f1d04cffddc96,0.14700480990259066
11dd5f5d722fb0e0,0.13719364582857146
d6738bf320835a10,0.0742219262757959
025b09a306181a55,0.10159186465254312
e5e3f5fbf93a1918,0.14104578728098188
2d60731de40ca5ec,0.07796362773624216
96789dc76cce8bb4,0.13073749287507888
e04c2f21eb86c30b,0.05297304429211234
eb4f7827e27f3e50,0.867413792486814
c72cafb3b0ed2058,0.04291155363907289
38e789ce64afac4f,0.10843158929396192
961a36d1522e6ffe,0.07442053714846988
d915888ab3fe3241,0.09604048321847046
6d047ff0d07fd1a2,0.07126719964085204
96212cff04501fdf,0.1743070868731087
6cb30ccf0384596a,0.15502053732455082
1878cf5a842e6727,0.10895693889778824
47adc8c9afbd6fad,0.050455810786346506
bcecb579dcba782a,0.06651961409250998
24fe0dc9ab19be83,0.03775781972389923
d56cbf99a17acafd,0.07519991009575216
5caed519a777c666,0.04560056685451282
de3dd7a6a4564414,0.13735346202086451
3ddc28164f664050,0.1195532067865631
45693136342888df,0.04271142503203578
143c3caf6eb25742,0.1317311708262621
9295c919e27237a6,0.08098660126756393
0dc756a818dc5d9e,0.12693675979491753
67a0ca3f82ae78c6,0.04624857468119191
cbd51c3558265f5b,0.11383778573404259
b6df5050c31c7287,0.0630352890570092
73f20d006cfc47e6,0.06822752454904973
2de69b9443d4fc52,0.06149983026337173
1ea20c09b6c79a3d,0.08297827151769592
ea1427791f675329,0.12102362358803544
cd6c9a86e5c13535,0.13865546439316923
fe03f010fd99f729,0.21660136209124692
3cac934a5e569272,0.13477708716567485
1f9c8c5a31c38592,0.09556278625124472
325d3152d318ac6a,0.0786056488161126
c796149ae059bd36,0.14994800856788107
139b95acad0d8500,0.04991140397140919
ef8ca6e1ad6cbc40,0.15844734108141212
738b1f5edad8bc5e,0.03346687803520034
00b5753c64f3aa5e,0.1513353786581111
7509e02d19e2f87e,0.05407461577688128
a85aa8068fa925c9,0.1662852097065845
f8ff744430f73aa6,0.12999436558411337
4106129a02383134,0.041066550973293627
3be6495b6e47bbe8,0.12632543203596716
d58d8cb98c5344c3,0.07558762288070182
72c32db073874592,0.0666887260736389
b33541a9535d3cb6,0.10697268480762737
f117d4aad78b524a,0.12899788532690346
5e48da846d46eabc,0.16452687761199453
b0b266000f2d6b03,0.15743845462180084
2aa63d23f11f3aa0,0.0394772777853491
7ca15ff99bdc719f,0.07010202047287678
286e550605b2d970,0.0516546435159526
140d123f8919309f,0.17333786233920245
5406d7c0119b8b77,0.1367918195997076
feb8f158efc528af,0.12538030120005636
20e9295f7f1b6809,0.079014026338162
8c67df2b06a8af30,0.10870175556893785
0b5100f2d589252d,0.1547649577350458
a7dff4879e1f2c8f,0.18406966717988477
6b9c17dec469153c,0.15658513733686827
b064e718f3825ae0,0.03993611446305137
633aa423117b483a,0.0774886411031193
2bd2dc8cda610b2b,0.1569024134849454
16b4f1b4b30d7a5f,0.19116790581068843
7ce520db2bb5b181,0.16423935320590755
359fc18aad246386,0.10431321585488597
4040467f440a4681,0.09816386033362934
ba27a17c66a28567,0.11446750675196911
5e4bef63f0b3974c,0.13465017999457074
849863283a0793dc,0.13086774734804085
aa9c499ad44baf78,0.13628643779720787
a3fd494842016ae7,0.11775857544077081
5f079c78614b8a83,0.191081566832845
7420f14669961a6a,0.15767178411457927
0a083c164a874ea9,0.05186734799564685
396f04d4bed14a3c,0.12261309403893556
bda29126d66debaf,0.06943783053833782
8d5ece395c6a6b60,0.10694794951751727
9ea22d08386ce3ae,0.04672148400538697
1a277b47ca192cc3,0.046816916474856335
5534d1ac3ad47ca1,0.1036346867344317
164e32a2b96ed3eb,0.17037084132676344
cdea1d25f481df1c,0.07032871490807711
37e1f37cd163cc12,0.1811079341749121
4f896e74ddfe48f5,0.12623823072038243
ec881c0b42489ba6,0.09730065165057912
6cbbc142e3b6532d,0.07328933200602755
af58eeb2cce1b1d8,0.062135924208511606
3792b407d3147240,0.08321317024625269
44abea18902dcc6f,0.06610687835284192
f174b76e8c589bc7,0.09874718213531582
d5cb1d76e26e865f,0.22101362798132737
c953fc1a52b6d2ae,0.17037580894875398
dd9860c103eaa486,0.04129219707865286
1a338e9358b4b71c,0.02924633352459678
28a055a15e2bee63,0.10784510184536612
d810129e88130889,0.09323721370798584
20b2f55f0ebfeb9c,0.1019518416603044
2dbfb79bb9d5d576,0.21992702657727492
a4f168601004a705,0.09428051834872314
7419f46f112678b9,0.15179716847760355
7d0ff708b6d6752f,0.17896615968903135
cbb85fa489a893cf,0.046220560939244135
c46a723fbfa594f7,0.07374860662325908
2104390897549457,0.0855355707429091
75c276f7d0f29aa9,0.21036230560558186
01a679a23b212287,0.17652461485984025
6cc58651b88eadb4,0.0696241643682266
14cf1ac65f8ca02b,0.04525064892069003
2a5d42d92966192f,0.0576819474710767
2010478948b9aef8,0.11520607364748366
31542ae607bdb59f,0.16150872211265055
783c99f058bdb723,0.08353927257060795
8e49ec786a6d5abd,0.10579744578155144
d2b9a740ddba79a2,0.05470633620239659
47c1231311a7aaaf,0.08872928328092715
c7937d0c63ca6a92,0.11065091304559094
64628bdb8224fe18,0.05127509835703614
49cbb2ff9274a4cd,0.057636101405712875
a4dbc0e728a780d5,0.18788738808181898
54a5b82f046318b5,0.16376124889329727
daa0b6896a1749ca,0.06802669148139617
4a251ebb1de72153,0.16778443518097647
edc7eab7534ce904,0.0900091766651429
0d31a18c31d12329,0.17693156516752848
ef643ea0ac629b95,0.08894970601483618
39049e24be5a4306,0.2267812282705656
f41fb0591a5b1902,0.05157065590947288
ef3add49907eb895,0.06589119078962727
3c80e6a34fb3e4ce,0.15455828749483144
681bbfb8c5372f79,0.1532691288910688
007f4be9a3f6e89f,0.0494010029850786
25144a9b2bed9be3,0.1652544422990665
61233f40c0cdaa2b,0.06627913925594953
73a058838f6b7f2a,0.20449694819778402
cbc20660739af678,0.2240199313935394
8fc723bf625337ee,0.15187038286406113
3ba49bd9e60f519a,0.050288007823267214
6a3b3033fdfe94b2,0.10030019976347168
c8ed653c9f871795,0.14184799391003688
2f6d48d7acb127aa,0.1355290152892825
92ff64a44efeaa6d,0.07179978302247511
d7169f20999bc93f,0.4559311764903665
53604f2aaf701357,0.11467623789442677
a7001845bc2108a4,0.16438762620216354
e1c8d84bbb8add74,0.04117573191493727
0b6ec467b5610434,0.05616552723091761
8ac52d2ec127a096,0.07445680848277253
b10baee15fb9d01e,0.17501239760950463
221ebe5d40d467ff,0.14290692250856585
4fe55b114acc6ade,0.09334552509537467
d8482a667d8a69cf,0.03930707978365668
53ade36e2a1b1e97,0.1751544128890081
23415b9cfe9e209c,0.1284432818412226
280c7808d94b9763,0.16150910769387683
de5885c6a7c6423d,0.213692125813638
38de0e8716fdf6cc,0.08849819020049521
55bc25143589b254,0.1364509178225755
957e73c37d447545,0.05101251761495567
af84b2641d1c74b3,0.07168607775396142
e7be7f3fe2a831bb,0.037801634119354874
841f7e8235380174,0.2564783178427586
63d88f28c2a5df22,0.15768717034444796
8dad4fd4df5c221c,0.14227405180479696
3572ebf75eb17942,0.10293586716394465
25a1a550572c1f93,0.044878752084974854
6ae06440fe74b44d,0.21440137802449116
b4bf088ea90582b9,0.08805060290662145
6b9449d16e81079b,0.054784758595571414
4ff7c9e8a089b94d,0.12133879076151483
aa5c5648b80a1a3a,0.10768951023645107
5dc1f3d49bbbe4c7,0.1314859401353782
99546cb325e5dc06,0.1470443313940783
220c843637482425,0.11061436275251946
6608fca5b64d440e,0.15080796905702068
f29988dc0a3c0243,0.12452978838125939
51058b99b395787f,0.052753917720711946
ed1bbe11677f7bca,0.08423617789185665
9f9b85620fbc0cf4,0.06788182496199215
8aaeef3315304e45,0.10402844924191261
5d92173cdb00c0c4,0.1060130337623306
acbcfbef3b1946c1,0.05481603406371455
73cb612fe6d23320,0.16584149605010653
4216594871a36761,0.04957553629732703
1c2bf4927779574e,0.19103752274553878
1498d0dff1fb5394,0.057560700797692536
53f47e8f08b91aad,0.08737326611109086
c4229a0ce07e83b9,0.04287628433308835
bf61a06ee47b2027,0.03960215633108026
8aef635fd1b3a740,0.043141147973186904
0f6a8a20e3587b09,0.04566036767034455
75d7914477c996b1,0.07198926176930294
7b1790935e6cb838,0.03549936923649836
d680549ede3f6dc9,0.06586261977755456
f3bf39cd2ab5bd9b,0.08055348630929784
0b0930b54070750a,0.04926151815652009
3d97f118d250279a,0.17183908947729953
e9de0ad29a82a54b,0.09347478485560672
9485f200c4e02805,0.10789389284431097
12d95850d018d3a3,0.07364670756727693
ddc866b96dfc3aa3,0.16077188281352717
45a33a8161cb4b46,0.057848916360481804
990eb9e1c61c80b9,0.0533769123815812
378b6aac03179007,0.054363528128542955
b6ce4df0bfb4d3c4,0.04662962097435519
a50653ff586cd76a,0.10968005564145018
65cd9ee07cfab83a,0.10442914444677125
d2bbc0c9f79df720,0.19900217154503164
82ce816296a1512d,0.0327112328551569
e502c517a223aa14,0.06275308078173737
71d19ea693604e1d,0.07139689319374307
0d037e649d83d735,0.10367716757918008
6ba6991213384d83,0.13264503587804868
4cac0de9485495fc,0.1611723451673171
9a0be358e968c623,0.039576951996411314
f1ca34616439cd54,0.048108352387621386
e301cf1f2e4c3681,0.13335997952033904
d614ef3ad50cc2bd,0.1513890090991943
c0b33846eed21da4,0.09044173027036537
d4e499c8cbcbf2c7,0.09949657622243455
112d556866bfa77d,0.17269174464346745
3f5b776bac1c2a71,0.10109603490186923
97fe9a981d0717bf,0.1187191910457298
ce3280649c6eb5c9,0.1360059863842476
7ae7079159ced82d,0.08173355076162667
f1eb50e28869a50f,0.0619273229920206
52c8dc366cde6d2f,0.05615781484118028
ef14064579612c4d,0.14709555837968183
7897eec02201ca6e,0.08052210242263132
321d33ef853c8fb7,0.16902539694812124
96766da6bd7c3998,0.0414790891951862
fdccd120c1ead149,0.14981427788401913
288252f0e770ce50,0.16104667291239283
d4d977f5a3d8f01e,0.1156755705206945
62ea4677a492334c,0.1685789138846895
d1f182b83a420b6b,0.0628091521771718
0a8ea601fcc75d1c,0.12946641131743883
27930c385742439f,0.14169122229166894
13d12d929ca71339,0.20708382367954295
159b4f9fc1efcb55,0.04303160252175868
94ffb2f9a90b358c,0.1117110987188324
68615d70615e3b37,0.049758977686103927
d4a40bf8afd7e4b4,0.07427723785595193
e3dcfffec2d51e7e,0.055067375629104055
10366fd321e0ad43,0.062407918394118245
80e3f13b4e86e5f9,0.20030587308355186
6272a9e176561590,0.13390677091070138
14ead2f08e775ba6,0.11930964204788914
08ecd3e0061305ed,0.14048123154973852
b91abfe0273da79d,0.22991922877516882
0c3efbd8c39177b8,0.4556778133472585
e9e21b290009d63a,0.07113100477950107
c188505410fa547d,0.12283767760925118
768d9e0553a1399e,0.033434144921278136
a9370f34870acac0,0.14586663410109627
9f6dbe29c2020549,0.059890309197937974
6da7088fbbdbdec4,0.09170930421095488
944a046635530efe,0.17801407829498064
55a97e1488c333a9,0.05856853986081562
bba6644aefeb263d,0.1549232585047774
750f5d2c63709654,0.18489084387625926
b7f5c550aeab6fa4,0.11662528519267916
bf2efa05075a9f6e,0.07496087577209165
2987973344ab04ce,0.09085334294809677
a97d19edf8f608bd,0.06403199876386242
6138ff6754f14dc4,0.06811315120300199
87522437573af7c1,0.1508661888796512
57cc4278d6b67c5a,0.048293116144716534
8f29d789ebf40f9f,0.04676710026543405
15e17422c43ac280,0.07397954823551112
57faf77cf5f72f53,0.11845463035514855
febc8ada0a8d768d,0.05592097533293071
86ab68be69241db5,0.11818260901921794
5fcfe942606240bd,0.04443495812176339
31bf257f6a4a70d1,0.14858888498625733
a09897cadb789dba,0.032799352462068054
328299ca9da15ccb,0.08649889530845094
c95184d7971b2960,0.1798836948928222
6ba9df085d34410d,0.3394637751964045
396ed8ae6d33d2bd,0.15512413782657344
b058bc3c8a9fe33f,0.14580142944558708
77b29cbb7ea1ac6b,0.16470300378985234
c8d191e05666d6f5,0.18523249312768195
c4d716a53ad99b70,0.1331909335207594
31d17f992245249a,0.0766240032016945
aa459cbd8c781f76,0.09897403050855602
7ba0185e8220f22c,0.05189154277325328
eb077a940d0bbcbe,0.11826866461626923
9298c80a21191034,0.10524711861045752
037747626ac5db4a,0.059744769628765355
8ee7aa8b54022319,0.17544534880617013
a2b57b918f2661db,0.0739356340046693
e703b056b17c6038,0.06618133790101362
5d760ec696eac629,0.1096395917034786
68589cc32366dc9a,0.09900716960701011
83d1d02b456e13c0,0.12063568012749715
f5ea6585ff5edb0b,0.18108662924286498
32290819a9b6b754,0.0879483762396489
f0cddec42ddbe07d,0.034112145746401465
41d5134ef4aa43c6,0.08899140508778841
9a422d8246e3f97d,0.10780191045868089
341cbe1cbd51048e,0.06377647883104959
3d2c0583f01cd72c,0.1262029767209289
870996e4835ca83f,0.05988270390702428
28b09161f3b17dab,0.12974894068184983
051b367d8fe91233,0.0350018955529753
9b8aba50b3ab95c1,0.14603290641808075
ff5577bdd79bcd6b,0.07564812460105667
92e4eb0a0d4c41e0,0.2308176779748694
575ace0896b22257,0.2017678327401273
a16f31da04bf60c4,0.09835498999097189
cbc13a2671d3578b,0.04107828793003165
876ba2c5e443fd41,0.18072910264721986
5d5689e87dee129a,0.18653322657085764
71a60a6dfa7e1760,0.19995084002964805
f2a38a0b81dc90e3,0.16374557209199153
ec97de286c2686f9,0.06702191299122631
b77b633a5106f906,0.07780017268849648
972df202456969d5,0.06822807368753415
5d7f4e9617d1e7a2,0.045999942308017905
196dc3655d9d1d79,0.03773841940534612
7b9da0adcf1bf365,0.0444320552810233
b9d78de840ab100c,0.057814472121119974
803868566ffdbdc1,0.04096899159818146
cc5f60c8c3c2b5e2,0.06355841660911694
88919e17cce1dcd0,0.04313324216811905
88bff82c05879a44,0.05160042565306702
aa64759c290cdf84,0.10202390547408456
b224a7d8b6f39ab3,0.0974111963474889
ef11b15a28910cae,0.06356364423686789
7e08eb8d4482e7e0,0.16050177812504285
609b606891c6ff2c,0.042064600962059495
07ecd08d07bac830,0.09619190555118866
aea578dbbc154142,0.1566129709151976
9c702ee77f731a28,0.10025356111290232
74a102877446027d,0.13771202012754438
dd13d150ff97f653,0.19103699101956048
36157f72f10981f7,0.09509539184194046
808639f0db0c51a9,0.08906638894149668
d809389ba1350646,0.11414879921645675
353512ba78ee6085,0.041148806006509664
207ae6c9e8f4fabf,0.07560145376405789
333ed3894f0f2865,0.15240658777975166
c8e41f868f963ff6,0.13213510091967273
c0436a45e3cdfea0,0.04021029852235492
497bc4409ccbba90,0.15811487496192483
b29f7d1224fd0321,0.09841206804682187
7795ac2497824361,0.12809080834907996
28bd2f25cefc0467,0.04269297727150905
7a5268c2c0ad3fb2,0.08620487419961055
9335e306e6ef6c17,0.06416590152491647
380dbd85787bd38f,0.17564486779579386
4df3a358e7ec87b0,0.038951233398137886
b423d03461c67e1f,0.16738248107381035
8d6c8b00790579fe,0.08692882901618203
75302981ca660bf5,0.13652999457241713
34fae39e3b6350ef,0.09614320429738932
47ee9553918d83bb,0.15403869609331436
525eb09cf01d4422,0.0864163359157207
f285090a9d6de2ea,0.17616246201283042
9a015d0a0e9dca3f,0.07307271074041824
5b9ec24c9cacd921,0.09992614062896013
80f6887bba571ef8,0.09198430238820238
a0121be4cb97ee81,0.053109572674962816
98bbb1d875be50a8,0.17489504371268974
d13d14d73f638740,0.10427656345675157
b2c1f66103087339,0.07444741595640836
ed544070c1558a6e,0.09802138397322482
6dd8a5af5647059e,0.10820375137997597
ec707e8be77e5bf3,0.1088707344243288
435ba973814b0e29,0.09747879859662972
a003759cbad0ca72,0.08540204610671573
4c1f413aeaaeca8d,0.07009837749793174
febaa69039e2d424,0.12690915727311214
1a7702c55d1c3c6c,0.13421961555120904
747b48174e7e8cc5,0.04200041856625839
e73a38787bc7abf6,0.09573856495532936
591163e5c881643c,0.16685589763495462
95f08a028b009350,0.052562113540118985
74cf8eff69e3ee73,0.042915930469546754
44639b509c809540,0.11762782060131985
abcf4a1f567f5b1e,0.10848529367235117
987d6ffc23a79a57,0.0971998678068226
e7aea6a6f0d83afb,0.10703794781459236
d9d2d9b2890a7999,0.058195003092388786
deeaee8dc56ee2e3,0.10562561052560852
ed44fe0714d05825,0.14926664428374517
68d0096d6964bebf,0.05709396206672411
8d52d8ee49e4e8ec,0.16796373032646633
b877123e88a6a266,0.08689867471151252
8aae92b438c0c262,0.03869278525756103
40864f11272e903b,0.06626713965756474
7583bd973a7787bf,0.25100535401997426
209764663e3680ab,0.08634082764330017
1802828e130f444f,0.14349797487400945
c7226e4c37f1c216,0.18263393539709155
cd0110875b4d057e,0.09540306466926263
b66e634d66bc8033,0.04360783382682401
644bd7580a1fab58,0.085758470262438
ceed54b1129eb356,0.07985222216791776
4a02d907bb4803fd,0.04875958247067648
d09af6dce02bcd02,0.05154474521060242
c81869bf2ef1408e,0.15567469533367578
455bd62f0c9a8b18,0.17329338484242773
8c648fe7475ba2a1,0.1274696256048704
e7c1606cda3f50ca,0.06870137605736051
386a0c809777aa8b,0.0858859371126057
882d6e6250d5d648,0.13603834452581448
e73fd396a2d7e661,0.0661422992074909
e1293605384c5923,0.033203848592770153
d8e5a75d55957e5b,0.15227313483809674
75e6395a1cc7d878,0.1168541028959367
ecc995a8d29cc898,0.1196670618997461
ba27e43ae6b021c3,0.08001372214289613
075b11725eefed48,0.1683578108903058
16e06a6abad58f9f,0.07854519811854645
039a18d8a9005443,0.21455489098708597
166eabcb1845baea,0.062427242750720244
150f221c402f471f,0.16957850216571743
2af5183224226208,0.11101476706374006
30a31bbf87301908,0.04445670331462573
95c87aa909d557a9,0.038251164563170625
d70eb57711fa415b,0.18511400375750267
9464555817eb4951,0.18007737567046767
8d4e5d5935a1a663,0.04284456826759337
289e3f76cc551091,0.09504597583902284
8646ded190e78433,0.1038097468546931
f2e3c326fd923449,0.06683064971141978
83f8985c38ecf25c,0.08342869352328175
8b698836d194ab64,0.06114893827030127
74a48ddff930321f,0.04747270209773637
79a5efbbc2b4f8ec,0.08029033163332894
6e88ede348b8871c,0.11868118064978764
d98b06d0f7e1b8d0,0.06540844130020816
dc56b06363e3abc1,0.10909678992645566
b5355653b987b958,0.0842683482951688
e5bc532f235bc0d5,0.04240679073580116
153cb69740320d37,0.0636887302176237
30ad5d4441533a6c,0.11467239843217697
05ba774a4ce6ab73,0.19674145163823606
ba467da19b1f2810,0.03608797626382058
9ad04a6b621bfaf3,0.14016382799662858
f605e43b08e76847,0.14194155786546053
fe2d494aa36b099a,0.07419190817689232
1e5a8f5e21430d42,0.09891593621547443
9b28fcb2ee487967,0.21848750025627395
2f1c0ef6d36a75c4,0.08290870298389351
37fc5525bb7de5e9,0.04213539078021112
d6538f0dbb2a123b,0.13014072464245233
7dde59a4542325aa,0.04998488107785796
20c617dcbd71f357,0.06771409407585904
77f00b5e8f833d41,0.155555054479727
869a14428379a740,0.09141827078615564
5fe5544f8e236559,0.12063782761277769
2d3681cba05bb562,0.17851470470480557
499be0abf97d1597,0.06660189318726341
5b423761773c3a6b,0.20629347967674394
57cfb14bc788cf66,0.1479471378810747
bf8ee8443882eb4a,0.14603803927229284
400e3c9ccfed951c,0.08190069567710906
95c34bd334691146,0.16275134057135818
441b99f616030e70,0.08141489186318346
d6449401e78d3385,0.08829799196902674
ee04b5380c7d4f07,0.1750756008653735
47350f4648bd6090,0.04007837030609251
3d184c420016986f,0.07002592884968921
2525af5583075cac,0.12452443022132308
37055ef29f0a3dd1,0.106892922791692
741ca2e53f728930,0.16956438246266375
c2060532831835cd,0.1333238359833195
bdf51afd82ed739b,0.10522794771510396
87516eb4863191a1,0.13832009832873143
034a25e098498861,0.03722095162560399
2beaa963f217969a,0.23805621731848575
6b03ea3eb3783933,0.06677220877221812
99cd56ca4ca12f1f,0.04725935184091799
42288d86bd56d80a,0.08512520128614834
a5497f531ca73858,0.061058132523216346
6b8797ea062ce398,0.09583139631773788
1514a9ebdc630056,0.10188523181729911
6a47264adc77dad4,0.08199510403193512
4cbd1cfe1be11280,0.1795941217869118
555f489d111c7db7,0.07438054816675034
d3d1d52e817c754c,0.04539254296529262
80c2b83979b319eb,0.061736618617108954
b601ede8f1d5ecc9,0.035614642354817504
ac4e394f11848f01,0.14934651617150563
a5d564228af285dc,0.0766548638333907
872eaff0cae2acee,0.07178517513799883
ca524fe71b6054b7,0.09683285745401829
092fdb93d96ab75e,0.04244222689373546
b1224feb365fa8bf,0.07390302229869118
b5883c6e74b0ff0b,0.042245139740969426
7aade43a31d09f8a,0.08673754504157333
585ac3a63ccab1a8,0.06238795757497351
e4933222bb492af7,0.12493900691321291
d4fff28089f09f7a,0.14324824147042958
1faffaa35ce84d77,0.11704178543425807
27afb6fd6aac442b,0.038472026974692916
847a053fb85c500b,0.060282743581685665
9ad6971bd0ebf223,0.08355905377798148
a14e1a04f336c6c8,0.05520866725347545
50698da7b2db2350,0.08562391660545124
15655e2cf84c9cb7,0.16721833276047443
ef796da1e5967ff4,0.18614103355446182
9331c7e2dd294fef,0.1157987045059834
b7796a59af546a3e,0.07999814773039803
d9279cd811aae7c0,0.07936631727005208
df81c08c47af6c59,0.17127995846423905
1b9dcbf8b65b1a52,0.13817151803342953
dd377f760a65ba2e,0.15021296487563862
995b4a4b97e53e5d,0.10764501301590858
13b533f79e5a5caf,0.12628978423215725
d4c903b8efe43c13,0.23887394275394308
4fb9e1bf5a2f571f,0.147028684614556
ed595c03e7747694,0.0631107985730053
73e9645c3d48fbb5,0.03472517645441127
a4b5405b00736981,0.16479032751682335
2a653776755ba7b8,0.040164528939216154
158fa97bf999e010,0.12242807665512678
a95d0a261a3bb142,0.08530336423918664
ea46e88a59d4fe5f,0.037605415174092716
6496d7761a0c6190,0.06770565642186223
6f4ba984b6dc3289,0.08741462861043055
5afad3e6c2fda712,0.06385094433708882
02effb9a084a466f,0.08615104135297057
f43a5e53fd455d87,0.20964082230530512
49bcb75b2ef9551f,0.039779028909803345
b21c8167caedde33,0.025646296205324028
15d2bbcb8c316442,0.04917685196863903
523bc8b194fc69ce,0.07169799267194757
d7b8e5c99743aab4,0.10317065227945119
3ad43bd42075bb8b,0.16452824382363873
812b9840da2dccbb,0.235943651199671
e70b5a521c308e83,0.14801374772492915
3c45ba8ca9f6f412,0.04348089741937332
7f616f8d83b3eb18,0.07710040322483512
26c592e1845bb489,0.06327135454035372
68d37c0a802b47e7,0.1366877068368583
d8934f60893849d4,0.04508702741269774
2a3dc482e2f9765b,0.09608468449652761
016da23592d81da0,0.04413479415077921
4fdfd4d0c0f506a0,0.1605103233966211
729fc49d981fa3bd,0.08027874509504754
15deccf643c21df1,0.10283943020655215
7daf2f242a027468,0.05341526811498495
d51a0a86350f7add,0.04251917267177384
52fa3a33f632aec0,0.130884241444759
bb4d95ad5da1ac87,0.10232539256920381
cd23dbd0e165834e,0.05688094011973733
ba39191a07cf9e7f,0.11582042594750162
9ba5cac296310d3a,0.19912256183080448
d322c51efb437d17,0.03314782677967774
3af739b2f776287d,0.14737730224234416
85804c2e9c6d680a,0.05215417590338884
cb0cd20b25649838,0.0629548129806934
12c942ad8a277403,0.10991135010601381
289e502cd91b1547,0.15692807181333798
31c382a7004fe972,0.08678815039057487
d169a1c279a46015,0.3102014318585966
f9b4abfb6291393e,0.07952565354980509
6717d92d92048fbb,0.08059581397921851
469f41c8da1eeb41,0.10576413776484136
769314bb014d1235,0.12671714283640595
ff2e280d521989fe,0.06677691396617383
1d52653d4f3c35fc,0.03497408786902153
4c0ebdf6c9dd9fb9,0.058822378449574414
8e182e2e4650cebd,0.14584174827206964
f55714d17852a183,0.06531475500408701
f2e291daed34f717,0.15400744206334765
2fedf01adbad6180,0.03650252229411344
7079029a20553569,0.13336593663083834
7214daf28cec2f25,0.11961468586015275
3037ee52ce757f35,0.0363906449089972
301594a1fbd58308,0.11317334636813622
971dbbb99046d9fb,0.15651673769917573
c7647059905f4dd4,0.04933498833391253
796f7cb75fc0eb55,0.1829434782294405
bcf00da3386bb946,0.14209180253486006
9fde66ee9b59f95d,0.032251657038799016
752d3e65ebd63369,0.0453354371905307
1a6bbae0cb804476,0.07585951765870765
03cac4272e7b8e63,0.15038785266700136
055fecf2717f29a3,0.13472916563210088
a2aa85d0e1bc4e6b,0.07997180351035586
ef9db57cac44e529,0.09499620876423462
8c91442db55d9d64,0.11317771491615534
7cfa3fef2d1a1dfe,0.05613683579495425
56ede8d9842e0590,0.048497552832335374
fc74e63ad196960c,0.20515438361493976
342867ccf7337815,0.0439191497403459
866f7ea3c4be20e6,0.096208360210725
f45494a74c712731,0.11972339512538732
414228464c8b74af,0.12317684794411385
e4a3f7a35452e28c,0.13564973828161345
c1eccbf012d9a361,0.0544074234968704
a715e394b41f3a16,0.04443674608025892
26a24b8218ee00b6,0.1987059658256162
db4b58e70acde06b,0.052326744071866424
deaf015c1e137149,0.03508990344303275
9d4fbfbf523a0472,0.22122841268641116
ff7e2911a22e8008,0.17551593034079688
30449ce55b14d344,0.03928168446836024
b930073e02948360,0.11993385003755017
9326674b4c828c15,0.11310973479459431
a9b474db35164846,0.10448273932893239
9183d88dcf308c8d,0.07395717271206381
47c8c6f64cdc0a43,0.07967719073362337
2ee4722095033329,0.09959594810715311
cb8a02ecca44027a,0.03815076918971726
1925e9dc63237314,0.1179490925013616
dd36f08b99fcfa16,0.21748401703569478
9bbd43f6f760c243,0.13792772825907004
a766359aef66a25f,0.10049129219119964
4d10a4698fff400a,0.10101461404296087
44a6285639d7fcc7,0.13096843449869508
a64ce0de598f4714,0.13760573586419517
8c887a6a554fcff6,0.02483579005643711
ef3f3402f7530e37,0.024753278761208978
e9cf43bab751f410,0.028007518561669834
1245634a78a3136a,0.04336461347783817
7c5ed75e73c20133,0.06790132060793357
ff7628423503cb61,0.05440608110275516
55df3baf4cb22442,0.04343337237231263
20497b1ff5df51bd,0.15561385848182835
fe1c1e2e166d6943,0.10759497945022464
0a6a2ebc3b004ba8,0.09991836341903249
ba16bc573e1d9a6e,0.14175439949795957
41ae92fc5f37cdc1,0.06072547440545871
ae05071f58d92774,0.05946219963946408
a8d4083bb2383da5,0.15858575457998578
92cf17c3d59c9b61,0.03375553838779835
f591caedceef4268,0.05422476546530777
e3d006785a8a409d,0.08764716456384952
dcbc913499301796,0.044590296335363766
b630e1af9fc1f3b9,0.13702908841135694
7d6a1e459131bf25,0.17156721289111201
5f891649affd8c18,0.09092243011232416
7dc102adb7ad6667,0.10398608457218353
1b8c16064d0dc4d7,0.07839410778214556
8e5286a9c7d73ad0,0.04103471024011651
147e554cda420ba2,0.04758040845179699
18517e2df9cc10ea,0.09110774363048207
54ca2e9aaea55320,0.4448256462789441
a923278148853286,0.11561244053028379
cfb35f11977c3be6,0.08961320364644913
aef8a4667274a47a,0.03665673766539972
2c51172cc4d5eba0,0.04638129603523625
494446d84318c9ee,0.09822790200800426
aa652d97612fe50e,0.03637274963282519
baecb9e5cd4b2907,0.15090677628017155
c29488c64d211da8,0.0683434366207598
28746b4c4b26d721,0.0372439172228899
8a45d03fa3989bff,0.08403711038102515
462b3e544fe612a2,0.1258495151470015
359614f152fbbc2d,0.09434132640895615
5e953db789137f0e,0.14391861799382316
2a99aaa9555b3dab,0.11785877346998523
aa37a77bc447fc0a,0.19391715499613604
8c0d7f3ade155e48,0.0430480816371165
45b05dd1071039ab,0.26193240808220775
7e037c271c23576a,0.06998402595627207
9adb38d0576dec06,0.12134595354796486
532c84dea557da7a,0.13626658966645852
6c302b9662d3b5c1,0.08519932851323593
666231af023e8fd6,0.059857542404713374
9c06ef2fdb037a79,0.11244573011797002
65230a28464587f9,0.06539557502127308
b3ea4baf43182919,0.13876250138772386
c1f297271ef8cab3,0.04405336318700957
7c58e1fb77913d4c,0.1909388370303242
00ece1c11b40f8ce,0.03583504817185255
a820b5633583bac7,0.16244726103118293
b4e9165d8e2aebad,0.0587637238284558
85f20d358a8d6ce8,0.09630572172754376
148fdf734e431091,0.08129291594407656
67708062cc529759,0.10825301536543332
d764e50c36756862,0.22593876115213218
dc093657cc4bfbc2,0.10721561603701027
08c0597e111a2388,0.11312959082478283
58fc68c0720d8cbe,0.07866685367986366
387b7309eb20b505,0.12849958143036228
cca31a05a820ea88,0.17328561163999381
be7e5b7b5839a348,0.1255580394617782
ef7aa159ba83917c,0.11438138850271078
3dbaccedf2355696,0.05498056878658251
3774263bf5c9a393,0.0853768562130962
e830f76f4667709e,0.11234814076273587
c96965b10fe9e8ba,0.044689454788841565
aea0b2d75bb410f5,0.11297426911947607
892d778bace3f693,0.11680874759989271
f46440975132762e,0.20411274488566591
6084fc419fc10f1d,0.16491438932938973
c6fb1852daad742d,0.06464512360030773
2bd09ffffa247f82,0.06922208265936484
5ded576ceda86075,0.10441630447380328
c066afacb3fe3a52,0.13150788579857955
21e99c194e94917b,0.03988707345862301
7f4eef61767e4c67,0.03628986732450783
dd19efa057bdb4b9,0.04907256254812102
2b309ca794e9b11f,0.2215647973234901
8428fd508cf86cb1,0.1100844641672114
bd059d7efcd14494,0.1285498496317215
7fcd9aa10e5ab5aa,0.08582997413042884
9398c438c5fe8b90,0.06379536438607233
7401e49aee3edc69,0.11462298547098211
0520f17da71602b5,0.06802570210737899
efeb31befebbeedb,0.05849936052426626
df3fd48fd3b3331d,0.11506529891977255
14e14e2218536077,0.13102739983363823
1f92d25274d4f038,0.08928213328768941
7170ea34f6161e69,0.10993060309485043
04b0152464b775d6,0.09354878795545535
7653ee403f88ff26,0.10334361062324338
ee84092d5d680f67,0.1965800000978118
c41b6329fa5e7012,0.04380044371154605
1514f652f00c3b36,0.06579930291584217
0c6d11c69bcc6f46,0.07883082207065543
382f75d2edb9f457,0.17452198886233053
ab482dbf08ad90d2,0.11668583795203287
5ecd94cb7901e72e,0.05841339663080124
176da975d008461e,0.10795044368510448
882d984b9b9d8fb6,0.07628270326400655
efecedca199bc74e,0.15859520553387832
5f185fd802f0c00c,0.10390341761659536
b7be75c69ddcfdc9,0.034677616924678904
4da0a9696b2e9612,0.07165146233685071
755bd669f9bccb8e,0.0927953433294199
dc744a1038657389,0.08260960515043037
f5565f23a877bd69,0.12334759716494018
45485cf629983a40,0.17721653663726972
9d8248668d721756,0.10463017132622604
7e637102a104b616,0.043663890843179926
b9095cbbb40751d4,0.18352233847419597
b6f5bc351054c7df,0.08614561144632553
d08fe94fcb0dabad,0.04874558193172489
edb4aa5de0832a92,0.07312342589905443
b142c9c1185e5f66,0.06612536384089035
1473309b954d71f3,0.15569131706369044
b604a5e504b627c0,0.25218497272254947
d5d6a72d9d2c827c,0.04481946675428866
aac5a801e8926a83,0.09355577415893658
45b600cd20830ac1,0.13099249613719327
8b6f8e193f28c495,0.061351449086654936
9cbdc55a60ad3994,0.04024993388323467
59cc8f62d55aab98,0.034396399939704315
42f81ab5abcba09f,0.10197079848960972
758524a5d6a74122,0.12266265648656528
0acada29c4de07eb,0.10162273883347478
6bf56d0ceb2c1ab7,0.05128786175964388
03b29070bb68828a,0.03924095680604368
2f553bd8ba413efa,0.03678503197771277
c3ea0fbb29a15317,0.09010690871216522
797edeb1c8a9c95a,0.09479477988125219
beb71749be71fd3b,0.11868971966044288
c660714dc6059849,0.09259765072071659
549961b37bef9764,0.03498909578961493
dfac78eae9821675,0.03631821858655448
588c204b822eb2c2,0.1341947775789513
e96e43deab9b69f6,0.17157796052272178
9c9a726ae65647b0,0.04712107964637177
58f635ddafc61c78,0.23588589468927798
d40624f11c720afd,0.16072793594778018
73575ac328053efd,0.08532072335158364
809a4127b076294c,0.20884558685501556
d476e643d990be24,0.037862627541639035
4d04534027759be4,0.0926822303057886
72c2c7664c8294e1,0.15110888241719253
d3bea4fa475618cf,0.11569131114264594
7af7100957117fae,0.07909939176561666
bfeae03c16252052,0.06387779379174752
dab19b0b61104952,0.16202585260209415
8b72f86a4e6a970d,0.1480362329708212
c775b6de816c5092,0.1392168965210056
0de6dca19e114646,0.08488476806229076
0ee2b0fc31b7cbb6,0.048128771171076945
3363b132efc51b9f,0.23313858212876715
ee924a0428a40a76,0.0487471954036685
ac3726dc72e71ad0,0.09305006192170814
374584473bf4cec4,0.06703868365581529
e6b8e496d903523d,0.10243629349987654
8fe009970d6cbeca,0.04800612801878333
b03e574c8770e9d1,0.05326020879117714
27905f95e6931f22,0.0785371935234541
8099a0f72ee1a1b1,0.06775064175930169
5fbbd8a6f4ba3669,0.05813405813150348
24033a02989369f5,0.1387336660567652
223faad452bc6598,0.17106979747069495
c5c13adedfefc67d,0.07942985223414525
ec24ebbbc53f73ce,0.04890434881207214
3a3e4d31cbad45e5,0.048085756421142364
79763f9ebecaea1d,0.1288476249790288
46806e41926c192e,0.11279893913903377
a5cfdf6746ec5cbf,0.1579489911657598
0ddbe3ef0aed551c,0.0608520977975713
b641fe7061b46442,0.03425057258389245
be98835c447eea49,0.189230241752289
98aa4160c7876f0e,0.19324135859028474
0753638b45dfacf0,0.1339139121204636
e938301ba66e78e1,0.1474622022612185
64b695db5b68b91c,0.10594445008048498
2797a5b06b8c68ee,0.05166353889726318
aee53ec38b7eb6f0,0.13151473846408418
d59b57f46a383c1f,0.09873057120567134
8c3a505dd927009e,0.06738208436669221
436e01defb530baa,0.03123208143395839
2f54c0acfcbfd646,0.1609964187252704
20f15dad96dc92a0,0.05675061726169697
8a16a230e343a296,0.08827103026637304
fc511072e8631203,0.12840032784347577
5d976c71ca9049f3,0.13704667021166145
b207e579713d5841,0.3944438366293496
ac03eddc2e2fd2ca,0.14076733061574837
6b1e6ff0118fe59b,0.13177173817325885
2cc92c1f6bdd93d0,0.09840463264791899
f651266acfce6c0d,0.07571970214904472
c3b49d19c43acd64,0.0548000137147399
05a27ebb8a82cea7,0.2703051449010159
f32c511446a68874,0.05989191117839555
108d6b400d52aa73,0.14011236105814973
7e3cd0895bbfcd9e,0.16668296541347358
2245ed07ee31662f,0.130883005413352
c81aede118be0e5a,0.08266376389288618
d664a113973613cf,0.1057773399319796
2899dbe3769e8b1c,0.10271357358760931
164d8c33239c5511,0.12750500127469086
e753bb93c30cfba0,0.15320520744796606
4493eab669361ba7,0.06494538953028248
4e55ed26dc79c3e0,0.08764565317021114
1d2f7db4504f10b9,0.04035644144238863
9749ddc8b2a3a385,0.04310954567977336
9aab93db4ffdba7e,0.1623030305810754
88558205521546f1,0.08666731894251083
02a8e05f667b2fa4,0.07386637989264726
f95b0bb67413dff1,0.12716555711692154
b821f8fa7a26d286,0.054062233296810244
bed1456aa64d60fb,0.15435596452897776
685b1294dc5f8cbe,0.1490335079327808
79a0510c936f5eb5,0.15821573870185066
07f28f119366b484,0.0631159088837903
949af0edccb8d159,0.1496014191860533
9965f63ba2d41ed4,0.04940040408794559
f635cdb577ae5471,0.13018831042168333
6419d144df4c87de,0.15427658397295657
bc7f2dd2340df372,0.03719538984616072
cd35e912794bda2e,0.0685026007313207
abf3b6dbce73db98,0.0657025072625798
4eeba8a4c17e4351,0.09852983732061232
f612b9af4ce98bda,0.18009448862808536
d8120911733689b5,0.06501354698224358
723bd2532e39f731,0.1095821230210979
3889ee7a1f5fd62a,0.11031796335280657
66ffb196fbbb4006,0.06368949531865223
53a1c51ae93d0e81,0.11965587703291737
0a4f5ec5f9339110,0.05112746400547347
34416b6b8b600a61,0.054579843709774846
1e0b561b5df0447d,0.1544259624790579
43e848bf56ec0bb2,0.10133604704917058
1ace2be427eaf92b,0.05210969189912349
e24ea459233ec078,0.21535382195070665
e019c487befa7761,0.033848571149794435
7734ddeb14b3d277,0.04483340212476518
1961aba76570acf7,0.07922347734172934
276265c86a0e2a26,0.057385937984997776
4fc5594c301766d5,0.14364113418094032
bfd20f3d76573073,0.10454207769979804
8526753e065f5b50,0.2001271220752789
5c03ad68783d0d61,0.05030482206959969
9c83e80d019e0f5c,0.12157932230176974
4e6019e87ab5ac6c,0.13593060659273273
dbf6023ccc73b0e7,0.054318820324708535
fb35b29ad551c9c9,0.062138562708617534
3ab9a4e335cdfda6,0.08090215755738409
86fa9d51e632ae1d,0.09740689762244913
ab30ffa9ef0220dd,0.21045203180038885
ebfe496544b5a6af,0.1459628124171983
4cb026b93d1e4edd,0.06269581729321169
426a41478cfcfc22,0.07059592305078195
3e16e5f885a5764e,0.06703104990840773
dab52f137b1ba008,0.17395044170552224
a7e545c29eee2bf1,0.07584132543931153
6a50159c50f7f9d0,0.03838351070637748
ded3c69308607da3,0.1984270024140414
921388faeaacbc80,0.23818856980493286
8c90e1ab4a546bcd,0.08432574237886135
31b1827fce88917c,0.0513396020676002
d97cfaa40be224a1,0.046846496610977444
b4dae0ea6d15a25f,0.09182486187159236
ffb033e54895ee3d,0.1695549267761744
2b625e5d9c22b0cc,0.0686376462078226
87605745817d0ffd,0.032164238130630796
9717417666a66daa,0.06456610604034525
3267d4ecd26e96f1,0.055530425992012515
3399800c4f113d8d,0.13110708614501615
f457366f48f27702,0.07561311137314362
5a6c4f9b661a0ab2,0.14077180481374418
76628bf9d8b6b0e6,0.34858156660231876
997a5333179da7c1,0.059142504586164775
044dbb2023ecc53f,0.22038622095446336
737497734f709843,0.1813935095434172
fc7d05c3ca74b0fe,0.07282880492896282
f5b74bbaa8085255,0.07727739757024048
c1d1e5c41f539d03,0.1226710872742598
86f9c72ffb536f2d,0.3000600321723205
95b9d46eff640109,0.07475138391118197
3aff516939a3de92,0.08109572734448167
23c1d6b14d960725,0.029698183479626862
0b0950c974175a86,0.075284932985194
e94d8ce0ed816caf,0.06938832417903862
037bc4751346a482,0.13947188361428275
d43c5617c5e69df5,0.268531447387179
82c6f27cdcf850e2,0.1846388844936692
7652727437cf5e6b,0.06519100398013059
86f089e7c7ae0d75,0.06918240805572735
b9d7751ccd00d9c9,0.1739628908275119
0a079836e9e1ac2f,0.07938832822685664
90461cd0e33baa56,0.13541757906790822
825b16c4984f4382,0.12669809574493013
9054cbcd60dd433c,0.08347523761091595
770e4ea8a1273a1c,0.11504977540551911
518ad8ed2ff052f7,0.10149339149175635
f12c4df4f05fb6c3,0.059849740071197435
95a9d1c987aae5f2,0.12542042396181233
1d60b64e1441c91d,0.11095817653473683
84ed70c1cda568a6,0.10006152594092245
3d6e8f3a5d06c7a4,0.05247198465984038
eb1779538632b044,0.05393137944545582
bcf84068bc4b5615,0.08713452539344473
3dceaab87e5bd6cb,0.09692373879235852
c86b418e43874d34,0.10818181095692249
95397751cf365c4c,0.11966623861700486
e80b64dbd916f780,0.059437905324777156
d2a231ba481924eb,0.09451434149344495
e86aab1a495bc94e,0.03885260520384287
4c088c5147f6cc2a,0.10170805209329764
746c9771aa5c751d,0.08900207703434433
90005adf46be6af1,0.03220299152870114
78338f5a63e742f5,0.130385727477103
9c3f2d29681d0d34,0.13338031212891216
f93fd851b68279a6,0.19162453119615536
afed2c838b247303,0.18201199306826157
995d752a3bf1fbb2,0.10260221179742163
33609320e5c7578f,0.05721244526775998
1ecda15121ffa27d,0.05853478782368647
47b2accb2f516cd3,0.14871931363417518
5571f2482997d163,0.14426184141392598
32897e94a9feeb0f,0.19901280328669504
3d5fedc7f245d35f,0.07820731855311168
1b4707947519036f,0.09709124099067303
3cee4d33cd4686de,0.0976385437333681
155f6d74191258a2,0.12954878678603124
3ae6a0b3d379dce4,0.08102341284372516
dab9de12664f7b0b,0.07904149417587425
cc73e04980d2167e,0.07163163684866963
be7f0f5d2c65bf06,0.11002955525347696
dea114b428048ebf,0.03959373977805555
deece306851a2a78,0.09115445977963448
d1ce358b8f732eb4,0.06627789594005051
e025d916d395fc1e,0.1298294483249023
f50d9be3d733fdc9,0.06994375618228914
a6c0d8fd193f76fe,0.08492502300825529
569e045332c790a0,0.12946746310615487
977114ec6d208ff4,0.03912286142034156
17faede0e698eb93,0.07971348808621385
0610c3287750d822,0.10962947640616555
58e6e26dd56a60a1,0.04392257357957116
bc263b5b32d9ae07,0.0515360437350402
8894323cc5f185da,0.0360250496709035
e8229221a1595393,0.05874071649916474
63c589b1e27997d2,0.14919089833225568
fe21e0f0344dfca8,0.13936842966605936
7e0194535136acfe,0.07615531086845466
cc859709caaa52f9,0.04192615567365998
56e7153dc35c0573,0.053523602955510625
c76e1ab42940cee5,0.12984477503387518
2ed46ca4b8d10516,0.10331964468885468
ae2f86a0a6c3b696,0.09262012038377511
a05d11d463a21a32,0.06656258218265741
89e7dc0647f4db8e,0.14358812466085424
80934ce845013628,0.09834141159751053
f66422247e89d830,0.11640694103026313
b0a301739cfa2228,0.04429340678792208
42b93c5a8b628ba5,0.07712055654817483
f74f1673a45ce9b3,0.11287740488582643
2b76aa4b82e23768,0.08120142303205242
0d6190a27ee0d6ad,0.17214738034149749
7492fbffda1eb950,0.07714924492316914
35355c2d5692cdbb,0.1539778797534238
de976dafed9c0fc3,0.13929593655540692
e2601be919261723,0.03796611214788616
f56a91dde5defb60,0.07596776893920043
1a9c207021895aad,0.15467289682454086
86ec8e715d2efa2f,0.10862207079564756
7762b73652848f92,0.10401283860393427
ccd34b74bb18d71e,0.13530192628122004
eb6c259855aee52d,0.12936774335089976
7bfe956eabaf5f10,0.08088260668986788
38c6063d22fa4f9e,0.16370276502827655
46b7352aa3c8a1ba,0.12651842290231563
049fa3f6cc3a62a7,0.19011180203525543
5f77b44deef47d28,0.049293876963326544
27462f3d6cf43575,0.08086739677402113
ca854373b937b419,0.14717382484133912
1f6eb5f2da254111,0.1500227482283977
9262bb44aa7937b7,0.0906743702484211
d81678051b65ebc4,0.12074390240399442
0edc1ad07f4aa86e,0.18361523060368004
a8e836b90034f123,0.05984133372985967
c729d0e49b2411cc,0.34502901274565917
db925a43365c86f3,0.10689614808989936
1cda28c15e8e4170,0.15409695085623337
ef5a97a20c5118bb,0.19678683682515513
4b990b98ec734989,0.15553283858487604
a96f328dda3bc98f,0.11068697374434937
b467b21cee5c9a57,0.049678687510950045
8c1694e84b06dad7,0.06809200510204493
7b038881fb7ec965,0.11303983425556974
60e46ceca8ca6531,0.06423888280739751
be2e51dc6bf61727,0.1522215062143785
f1063bee63d2cbd4,0.0804057489354108
1a3d53e660017625,0.08539949995831198
6db1dc15ad1e28e3,0.16948047897336188
34f0bfc533c2a23c,0.10092719577743639
76e738496305310c,0.08364141180648445
a76e95f0a09b03d4,0.03330808494385944
6a0d13d3e413c0e5,0.04918591789391955
e002702b095c4d9b,0.08751935960210884
435eb85f778a69f5,0.0531494990527663
5584a339491f1a03,0.1190429585618978
9a06cac14b623965,0.09946916298585899
b199a982f9480beb,0.19316237120541804
e32add368c6de44a,0.07015623311430033
34824decbc66688c,0.0806898843373257
070711d7fd9b7ea3,0.12823197889833454
a1656b509ebf749c,0.24454808578133436
ee96df140d42129a,0.2648743731350853
09fb51e0fded24ab,0.08715415748269609
77e04872ab10bf20,0.12702633476154152
6b34ce0940c8c237,0.16009587971960426
8b94f16483f351e9,0.12878390263649686
a7d4f13860590306,0.03974028115349251
66537bdf81c41f46,0.1897320726487117
3014fd36c07b8950,0.13868092823618497
789380ce86c031af,0.1844831910672222
dbaee9defc780591,0.11843229118145925
bad0375f198257db,0.05525508266096759
a7b766569c6f66fe,0.07312108500675929
efd3fc92b86b90cb,0.09936000502042833
3ca6e7825d948c12,0.1249215323512016
5c73fed8f1d584c0,0.07220886161408747
cb7f45c4ee30e84d,0.12096538649348185
aac70ac68209f1cb,0.14881587430825458
fb253a15132c7c36,0.12825291014420773
4f1ad3d1864799f9,0.18191438512264177
06cc890b7c3abdd8,0.049167389489288664
48f5b50b05af6685,0.04264677582494
8abc163b25fe8f16,0.043122422434902025
5220ee550d303425,0.14101799015042432
8f7e85307eb35706,0.10577990549705772
dec525eaa4588cc8,0.1482310887765293
8a7aa7c3acead22b,0.11478692458035919
0618f0627df67711,0.13472535028169663
5d9929a965640bc0,0.10190055104680422
b45f8124eea44b5f,0.03975156407464237
32e371f83b148fb6,0.17203496912959118
83b9c322c9febec6,0.10078936541786807
8bb4d82df107f45e,0.10510594580932817
cc28d0d6ace393b0,0.09136993252300682
29c17f03906ad1f0,0.08497851133630192
b10cf30c243ed8c4,0.1803411040913471
85c180d755530692,0.052983146915891906
e9478d4c11f48523,0.03200561233650586
329d63bfe65d67f5,0.07120410237141654
4e7c7fbcb6fde9af,0.038266943182482
1f2d4ca7586d9ef4,0.054018070408960464
04ff2418e503eb55,0.15224624952639515
5807d02f74d22963,0.13208873604171598
23aa15ff2408a5ed,0.05409545800140991
5c3fe62807fba6c3,0.05369056709221921
c97a3c1357c537a3,0.1328207764494808
bde91246f16123d6,0.04160140344730087
dfcf3493677dd9ae,0.03632396391672412
4a0cb390212d6320,0.1442003350144603
dd48f98a0e7c2640,0.07661981194784294
21669e26853a5beb,0.1347709885896595
c4c279dadffc28bf,0.1515434852098853
27f99b00db0702b4,0.04263193876376446
823a471435809e0c,0.1746016281910154
36d9872df73f0208,0.13153775418559133
69b691bd3b11f565,0.10638309658239423
051aab7c376493bc,0.03217394868518666
897a042cdd939f4a,0.23438865955147284
16e574aceb37758f,0.16249026055715912
7acdad670c7e177e,0.13493266345743063
af7211a4b66028fa,0.05315852594695937
3b768875237c8195,0.13384189487062445
a9e4e55b286f1971,0.1314193709548955
1e42f2e9ad67815d,0.080293687513844
0d527f8f008f8efe,0.03277456741508725
4c2ccade1925c5d7,0.11833853996730605
b3a98dacc0702405,0.06573443553401247
9b8e0f7bf05d953d,0.04015415758078174
7968527b42656286,0.06093145960236458
caf14438584b43fa,0.04507725080694952
31e140000e0bf36b,0.09662257237270627
336acc52a893cf2f,0.08780037210224738
bce6e39fc4407c93,0.047409398320063315
d5e58bdbf23f01f5,0.05122059440284733
1ff7a8ec347ef2c7,0.06208367594871044
ce432d29b214887d,0.05427698866353568
44e820df9233e162,0.11979341868764377
fd036d6641276c78,0.08658558864231687
45c36909115a7b3d,0.14352646136483846
0c18ad3d4c7f25b8,0.14932334481419848
4502d8fecdca43ef,0.11661317012005906
9bf5cf3ace55851d,0.09052372870018201
0e04a1cc15af0b5c,0.03867257070049831
86bc772734133e12,0.12333956227684466
76fda8694024d3e9,0.13808223211444104
d244839566b6672e,0.09383326495523955
e165495e76c8691b,0.0832510536908253
18e8d9f4f0ed1ffc,0.05866418140731284
c198ddc9a1a0f0a3,0.037396429058817474
4f15b2cd5370863e,0.08328659556494825
5b71a33a75b4b41a,0.19607544753455666
85211a41d91dfa68,0.11821025370817877
31c3ad8e554acb99,0.10084668581509604
f05e3b467a207ea7,0.023379964374419172
20eea1cacbacd917,0.16144851346313913
338ac2331272bb7c,0.1007288177830976
e6740f272d44da83,0.16664879610832675
9368ba44560c50d9,0.09687974267703217
18e4039723086124,0.11252224586630769
c935d65cb1c5cfc1,0.06354165292691177
dd819f141dcc8319,0.04406546363256006
90488975d041fada,0.09682938130321966
a5aa463adede1f1b,0.1247960525156271
872ac9ef6cc6a618,0.05978814273622651
ae4040a11f651b1b,0.08996943918472641
468c82067304eb0a,0.15689472387233339
cb460a2bc70974da,0.05029129244033423
366ae30bce6f5b98,0.0662626672877762
7638518d282a3163,0.17748033878119612
633878cd7103f469,0.08914246878283405
73b8cda0da8e3c6c,0.09260714691174085
b24a01610939d7fc,0.04122860329036055
99024e3163df7833,0.17170900331498345
f67fd1bdae4a88b9,0.10441290476366973
bed6a87757540498,0.08335033701113646
97afe9a3ddc497f7,0.050550586365656965
dd9f348a3e019188,0.10641804343282593
34946df4f3dcb0b6,0.13899930148909942
9444819c9eb0c9d9,0.1654701106536072
fb4483e1ad010ba7,0.029942184510075256
00c68b30c299654d,0.1129085816757082
72515cd3d8b3aa9a,0.14565528182331156
908510f96be347b0,0.1549064142935848
99a21c81b1b48573,0.10093277112950746
22f68a423b09a5d9,0.03882131581975146
e7f04cb37080c9fa,0.03133348292318082
dc02fa202a12aa6d,0.06580725967173259
10d0b7f586529eff,0.0394505767453842
ffd7b011eb85f998,0.11360229657426595
e621dd32e1b264df,0.06024004227314042
4af1a1f24964fe8a,0.05808692901099637
811ce0830dbadcca,0.042687123483261
19f0e848aacfeb93,0.12604815540221267
8d3f02ada61029a5,0.1594783682764401
1e2a07a17f935db5,0.040891832435985084
32328db851b10b18,0.0698361567935965
9ee145457cc792ea,0.18057018620689244
ad8df560233793e0,0.05576841519382476
d22762aa0ca69d56,0.10790641192841105
f8355291593dca46,0.17590565814385267
0c612654e51e01fc,0.04150966001677168
ae7e23426e25bea2,0.045003413588603235
e009b5beb1619a81,0.15474205838030022
520faa13a8c7065c,0.17116850771941783
b5f1a39aded71e0d,0.03636373229704038
de6cb6bc5b8d1640,0.11946715304717567
d51fb6ba7bb6913b,0.17055389584395847
a1375923af03ec27,0.12478078516622468
8c4b7d8e2bf037d3,0.09112124216909748
681405cfbc0dd97d,0.09136571024534451
992164c7365bc333,0.15475816602567802
4814a10f30ed6822,0.11187576365725851
f125562b955f34ac,0.08069443119971029
8665c174c23e0232,0.08150596341041644
c03010cc5ef028ec,0.20821073689395997
d2cbd396091301dd,0.06616988700594922
c5b700f429ada2a9,0.06462145247416765
07d97ad7c5757563,0.045073773335712344
abe88bd25b74cec2,0.27350943042626175
b5242ec51fa10803,0.06223473064146357
504c204a4b07adc1,0.05046563688420373
eb3e885ca8381431,0.0878949022304811
88019e77a7570235,0.18723884546390446
4f5b5ab494b7fa3c,0.11688394848560589
ff857c8685376696,0.134570230099949
c97ffff5899cdd5b,0.19712143487807243
06d8545946fb794f,0.15969711795840688
86a18a847664c8db,0.11261680538292819
236b7caf60e83702,0.05532557890826804
b7362d1c5e6ea485,0.08771525442282617
75a194abbc3951a6,0.15339814701567284
0739352b03f43601,0.10397056331077739
d5fb0ad6dfbebd36,0.04464908167757055
ab3267950cbf32e4,0.13851102646910318
061b96409f1ecea5,0.05881060404375586
77507cbfe35570ee,0.03841392696119338
a36af5b550eaa873,0.09935600765510076
9ea7c406af2ba7ab,0.12100206590108178
f67f1e53508bf00a,0.20219114014670223
c1e4dc287c41d581,0.056468434932156954
a53a53e86b02f37d,0.0646975552094137
608291782c527827,0.09391391328638679
d0ad07399c84455b,0.10495624426059624
fc8986567718f61a,0.19271113696132153
5dc1fc6a5d643435,0.1341164106604988
5c05741c61417dc3,0.07867756219122131
d702bbe78e1fa189,0.040632917379306965
e781540ac8518204,0.05732331037428839
7dfe0b8686f2f32d,0.12929479507938943
150a93d31aae72a3,0.07172938630559933
6eef12e9a09066d4,0.1900179676928987
636152d21bd16667,0.15216198821541255
c7f6af439da950c2,0.04368783409347124
27acdee466fcf485,0.3827433815508296
a8804fe9eee0fa90,0.04235742689225417
6192ee4938021f38,0.1875586308249724
fc02f9550afeac41,0.036786485380582684
7c9ba87d30178a3e,0.18051369983734772
a17444b2e1cdd78a,0.13385628269230643
83df6fde56cebe4a,0.06602936448569342
b35110acb0de3b77,0.16235590291929972
9fc1dd40acc8bff1,0.1546564258769616
0c521eb5fabcd49d,0.07506740773683714
e081802079fcf55a,0.1614153707065307
12aedbe868f79776,0.03380474297188244
be8a2586f0738799,0.14924563075543346
077d63174223dbbb,0.05476100096594061
bf95a5f9268fccfc,0.04516152907946151
51ac7bebc69eaad3,0.15485533611904231
823b8b0cbed56665,0.1179072593500392
7b06037a7dc44eab,0.23379942920740923
c3468f13ce305a3e,0.21200897491383877
82906bbb278815e9,0.0435288360568073
26d93d94ea19b1b9,0.08882556535550265
d59469ecf7c3bb29,0.09640272288412764
7db5fdf7d9e7b81b,0.09201335493410628
251dd43cde3297db,0.09937995672387616
cb1945985d64f4de,0.06797556450868898
4eeb92e907af170f,0.0944437484733884
feb8fa429dd67ef4,0.12914252337869442
4de67c2419537ea6,0.051083945470498104
538e4f56402af36b,0.16439729418588742
a4cf878441380a52,0.11985133029229623
96be7b3de04ff62a,0.11968667789922545
39c3d3887c8c1a94,0.050151170823400294
1921999c1eb2c5c0,0.10399772407098302
d57e9b30000ad4ad,0.12131689727459949
7c4dea060b3cac3b,0.15256071776101346
b72576d562bd56cf,0.17044167794554138
e1b21c89aa287e10,0.06577197376989838
ea91d426f07b035a,0.07351974754868565
e3fe0ea3b0e68165,0.07054886349475172
733a4e55740edd52,0.15827924192218115
e3ec47884acfc533,0.2294290249514866
8b4fc284f4d71fb3,0.14855797937238505
ecc8c2db5ddf594a,0.03544169931097885
6a2e9bd8a0f89c66,0.11035355648374572
330cb959caca2412,0.17915792241278616
d9ec4fb651c85ebe,0.07337034867126652
059f9fe46af8bf1c,0.07990096024557969
3a4738e51c5cab59,0.103149642586571
2defc05f8aab4fc1,0.18942185749845292
5eff676251527676,0.03581856640882225
fbe244ca19447d90,0.11107989121423217
6a795f7ddcc9922b,0.046159281697798815
31e47d59215b37f6,0.0782317469203013
dc507cec24e10ba0,0.14508924861882447
a6bb01f0933df044,0.0434704735968081
8d856f853ce1deca,0.09357957113007892
6da96325a4517519,0.10539924035840162
1154f92cf57d2532,0.037646187804101484
f6f5511b39bec2b4,0.03622499844466071
52b72c128d8d91b3,0.13173986477630276
75e7fc7c7ea0f472,0.12131747194748248
197817ba33606b5a,0.09903054744035336
c1951ebb86cb1446,0.17039572536012546
c4c41b18d788438d,0.14940651444220854
aa26bb9dcc890fe2,0.14554481095499702
c2c4703ee4c876c6,0.15807489786746476
4c5d7e0beffa310b,0.05156394527207875
83c908bdb66cb2b3,0.12208194774591948
f5402da16c14957e,0.07598401460692555
2ab80ba80d56a41d,0.12827075193874518
1c6b71fcf804ee07,0.14106473494292376
2f3e4501cfcf6dfb,0.10616584870016182
e6dae542e381015e,0.05574560291071941
eec4124d10360067,0.04806396457146696
9105a2588a4a2770,0.12380186351763514
130f75788d8a46aa,0.07020362658117471
8835b5e539659c18,0.1196848283942448
d219e6e0ab855f68,0.1195418330510942
0723230fe86de14f,0.11955158112219096
e81853b0b0f8c271,0.05498803873667896
979af46a1f611253,0.13788139349810852
945f78f066a99193,0.1082047799074371
9fd22540f39891b0,0.04358889083635756
2631c1e94bf99eb0,0.16171623654423845
41d6c34577272404,0.062388382110415405
13285c2b73770aa9,0.08217384236891874
1d2b2b68357f4992,0.05268259634683177
5e3172665089f4f1,0.16705256088541923
9f7be9231e3552f7,0.14310294045848948
6e458ab88b4204e1,0.04497320499183595
10739a7eee3e87cc,0.057931850800641234
a326839f328dce7e,0.1840588952638155
2e706184335e4bfb,0.19051764184817999
e10da35ed5233e23,0.04020820088828066
85df2a159bcafca0,0.1294189775708476
7e459f89aae58555,0.07004613460292236
c5733fd52fad180c,0.11675810257376695
d78be06de4424dc7,0.034088998939653364
af782e55eeec3b26,0.18041117693602504
a5428b7d3e5eb0a2,0.07684172059029379
8d920a6bdb004f92,0.2238083446451631
f4be0e405024df8e,0.17645447948450477
d5059f8f88290d5d,0.09803189999223547
e368d0170d51ce4b,0.06948849336406007
d8ddb30bad626df3,0.06619081004110512
d1e892e5a070ad3b,0.06077502135705933
8a30b24e45c8dd56,0.09742635691435747
7616820e7f2f060c,0.04092283107795531
35bf1de33ef37b4e,0.16321767452570293
7fc73341974a9c57,0.18232348666026943
9f5bd41b72cee0ab,0.06340975029401615
44e5daba8a615664,0.14441311229566903
6a29aa78116608ee,0.135355820467272
74c36fa527d5e914,0.06244391910425109
65e5065a97a00477,0.09665469979732036
2bb9d6b7e64b8108,0.04152337323622323
297129de9133a71a,0.04953201983134999
e6233ca37ff20ae1,0.12375874848055465
e6c230b1db202085,0.1654388154583101
042447db024700a4,0.050803330643269494
5347f880cf1bb93b,0.08327500780911773
f7f2f5d41652f6cc,0.036986917952121515
71ccebe269774017,0.037104772709298656
5d89474915222841,0.06109800125810002
583b0f485ee37a28,0.05458473462516662
cc5a91f4a1b878cf,0.23530905477334602
636604af09feb6f9,0.03916025511400283
9149bfd2414e1f06,0.1338065230447498
69c71a71af3a6a93,0.06083695055691323
5cab1ef744ae1f07,0.10715409334543752
2c01a13c5bd11b48,0.12727519383958055
3dd5148c39f554e1,0.0506084630946398
e55b6c8712632bca,0.08991405386218085
1e70f997f11d309b,0.07738610800744272
0b5140a69c454fd2,0.052684168530163125
bf3433f1790ded45,0.12829305399826108
848bb9f5e15ea664,0.07843774983326784
ddec6d5fb5e1d8e6,0.1796671893660655
483be22ba816efd7,0.06973882387027633
c5e5341d9853e204,0.07636629611422906
21afeb4d02745cb0,0.06443469792635782
214573582fdadc69,0.07798071228064471
1584cb670481cd0c,0.1591389530841163
a5b74fec60dff97f,0.2024003675134073
500761048fa68af7,0.11193759600135152
17911ade8f9db4a9,0.10981304032006382
0d5e4ec73265e718,0.13840923110964926
9a23b511d19c5b74,0.09958541082515644
b0a68b6e9b5aa0fc,0.12549934697734283
f2408ea825dab651,0.0905631979795284
c46a0253ce15db70,0.12836379558260277
280ee758ffb1d1f5,0.09492124997704965
f120c6f37766ad60,0.05230911039921584
f0bd6e897436f50f,0.0906450646938295
d9838a74cd5c15d2,0.03770864714060497
ef4f4beebb23098c,0.13961080973755016
81e1191f9eeac89d,0.10454143816799828
38a4b85540a1d008,0.05451327060086235
583c98e432bf450e,0.09984112051734313
9319566dff410e11,0.09862685119156918
967a61a65ca3958f,0.037479227243367205
78d063e4b7ce7f7e,0.0696245829451024
d2f8e62df2e4ba25,0.12262898149516555
810d2f780629077a,0.16348617655674283
3515d882b6639805,0.11247870544942455
11e50493155c9e73,0.2484285749941156
4ed708372af004b4,0.17963568966330806
c4e45da34ddf3b44,0.12713199856160745
c8a93dd49c2a92bb,0.18412732279087024
0db19fe44a9a780e,0.038324194128928867
2b3538d47f1c15b4,0.053928431157102705
c3310c72d9734462,0.08495925833356992
14085746773f19af,0.045518762513491545
556db80d967a1693,0.09195844917572711
43fc5ae409f4f500,0.19696422971880911
081a87f22c3b38c2,0.14631333954112807
d375cbc133ed4f4e,0.12297149793875381
5ad546feb694ad21,0.09476392356412973
4f93720827de0ed1,0.0855158760842644
3aa17624d6ff3bda,0.042598045493563205
9242e8dc12c52248,0.12382774378486644
6842dfe6284804e1,0.19527008576372365
0d73a6a834744d44,0.08978313642608249
0830204cd861c6bf,0.04221145126293701
66161f0924e78225,0.12438612435154041
496464a4d50db8c5,0.12122714601515658
06324bbe66728955,0.169317995597843
14f78d4e391911eb,0.03875858943016678
2b82c80f72759096,0.06601166100109719
098ac1d81b9e8c1e,0.15200462098945305
1b76ea6cbf734ce4,0.03996646925437823
0500bc92e5b55537,0.053177975965018574
ac5aed573f280b25,0.07778148532342744
ea03975f1d5baea3,0.0782566839489236
88b17a552fbab232,0.11512189189436524
b8de7af9fcdbf382,0.1618306556219022
1200abef5b424cb7,0.03731602644530836
31b60e9d8cfa862c,0.04529603874680545
893db3bdf6bcd36a,0.1344538591531581
ceb6b035da1d3d7a,0.11683359542164563
4ec436f2d7284b90,0.06106973796483098
8aed9038981199a5,0.07593080150137882
0004c2d09b2a5399,0.11445802089732479
5205db0c297b51cf,0.10118996290978685
fa00a8d5645e29e8,0.05017350660621494
e059a125b2f75271,0.16457329826666064
0a245e9039a475ae,0.1003362314091295
f6dd2588e26ea334,0.1417919831937758
973b401c5b3a29bc,0.08612412683375201
3c3d0acff02d8d77,0.141815247607785
29614e0f15db6e61,0.1184033324149805
59556138531e1193,0.05802897800079719
6864e194fe467f06,0.09606854612415881
92d1a78a0805f085,0.11575768437055463
673c83d5875338f6,0.16423700189714888
97b9da49283296e1,0.05570106622025947
8e266443d27cb222,0.0882742065157199
01740ec6cd7d3fe6,0.1467566297862095
bf22ef3c96b1cf8c,0.05168272906960662
eceff6a46e6bb846,0.06026517353327578
595cd3775c548381,0.05364286358906402
dc88015ad74c395c,0.06184653468795967
1d829ac1fba966c2,0.06202350805286536
7af5a547c0ff87df,0.055886543729749785
42082090188c20fe,0.18426586818426824
f7c6df36a4354bbd,0.0843239747807375
fa583dbce17dca3f,0.11932490000395658
31b430017b021b90,0.17438606307160423
7efc9cb13b2def86,0.19238903641148145
d06fda4e5bcfc129,0.2460098174866709
72cb2bb85767bcac,0.1820632113677857
50f1226e03b9f878,0.06596663937034608
24eed0e6d7789047,0.10913537530681475
d026da38fc55bfdd,0.06615735759159497
47c591c2bae2052d,0.11417072857813416
92966f857e0e8aaf,0.0657159031375531
56b22e07fb9e4c9f,0.28430510805145787
95e7a0024d29a8e8,0.15637961697396482
77413f2ce0fc0b0d,0.08059366302941201
169ad5f354082bda,0.08600946092943905
cb6a3ddb00bb4caf,0.18372982004214447
c1351ef23bdee19f,0.06937690090676771
23e0eeea647bf809,0.10643941654541021
52cb9f8084c2979d,0.13170061127439775
7f071403034451bd,0.20277817903096437
64c6b8a675d8d210,0.09572522499555952
25bcfd9c6c4bc119,0.1034879751232128
68234d071437f6c1,0.04463617480464746
cdba54b09ad0a5e0,0.05010132851559977
8b2a453d25a9793d,0.22357385260977777
379b3cf15b5cd618,0.04400361673354611
04f8b3d8fbcd3c09,0.055015014309774256
8db2aa7a87a0b0b0,0.12493865902616239
09904cf5297e4c52,0.14641913969230202
e5d6021439d46003,0.15111404193148248
87a2e4212129d19c,0.18000336715815526
e218c57596992271,0.09519894650972921
18b98da5b42722da,0.09945668328420937
449920a89db3ac7d,0.18756823937278613
9ce041cdc0639315,0.14611123237837173
722f357fdbd5c880,0.1072611615743785
d468cd43dc6a08bd,0.20784505380828144
9700c7a3ef819ef3,0.16802265927040028
b7f1d881f8c72980,0.04636697223726404
b23236c476c94144,0.2461247516219941
18dd1046074e1b37,0.11521573437761254
55f227029ee88bf8,0.07114369768089168
5e3b8e365345db58,0.05832091321183574
d97a5d6269148ed6,0.06869587933693
ec6dfb974b3c0b88,0.17015069957509754
7ff4153e9bc66bd5,0.16682270374919606
70ade30377aa52d0,0.1363239911650735
e81c74c9a5e64310,0.1841529348748489
27609b892f19ce38,0.04996800856806568
665fe4d9e267c32d,0.16495141158170562
e4efa861a25c36f2,0.14958562054989227
707cf306deb0ca20,0.07357476711094944
53a0fc682407a107,0.12006567742628987
4bd91ec011ba7743,0.04430529383371333
3b7c880189ffdf65,0.1224672678239775
c5f1834657b1d9a8,0.1246125697653818
60a043d7036ea402,0.06265854672828497
d69dc65f9a8e3647,0.11266919581961457
c3978282c1335961,0.13388256740023316
248bcc5d97740cb9,0.08937158872174232
ba074101d0551828,0.09917215142148744
f22fd6cc76b9eb99,0.03674579413048999
cad3b5acbccd1a75,0.04112470743094689
4e3d749c5d0d8b99,0.1281409274214757
1024028ec93908ac,0.3071494706736406
db5f96700f81e32e,0.16054877979920132
d00456f5c537affe,0.05576752025861095
ae6c9a4ac1923d77,0.05583620480222322
5c4ef0457f9b795e,0.09569263900996472
a36087b510ed1bbe,0.17994152648586967
9700dc3668cb0d40,0.03255846432355963
e404394c28efb780,0.10214249680941401
0720a1b755cf55ed,0.15093766155163044
035439e10d353f33,0.08572289823216399
53421be12c0c7d0a,0.14562751617964986
c76422f9c7f1c224,0.035308970222552194
ca75e192477ae30e,0.07200130974192681
480e9e2f5f6eac7f,0.12190979066456077
b1b0c9414a07e81e,0.03628456647558235
e09f31da0edae6b7,0.06273228692373523
9386dbd09f1eea31,0.08098627112535145
4027ad13f744ab47,0.18008188315806242
dd57f9a9617410f2,0.15223432482261776
53816ae08db4500d,0.0971977017253585
d39479f04b318c0d,0.14174574864676326
5223cd189c2850d3,0.07739279877555379
8c0a9ec776187a0a,0.03880152779524543
387c460bf9c82eed,0.12416068225559976
1fd31e1faa118ee6,0.04470120268272539
49fba05cb591b00c,0.04883875898592562
bd80ada68eebd0b9,0.08468682451167234
0e3f686f072a8a0c,0.06873990306177603
84925d826d461c4d,0.14368263218536947
a7badd0bb8ead7cc,0.09883009461302936
e2c838fd32fbb729,0.08269070248389787
3a6cf220f53b4cb4,0.11861681642019115
9dacb79ad9fcf34d,0.07892713718496071
92aa4c1f7f258a86,0.15396607489281935
c85e22a117db207d,0.04338030441870233
c5acfefdb9e64f54,0.06862374905729084
26015640e05a3378,0.0769769243336074
834b3501453f5c5c,0.12542494820695504
42af151534cbcca4,0.05117630946590926
6342222ab4bd07c5,0.17079384874293896
cec95d0eb86b553d,0.13376177365942835
b4129a57f4c5c1ca,0.09583795898136474
8b51d76d9c838743,0.08913543819801434
36d6124fdfb6b5fe,0.08703787166219681
2212f9196bf749b0,0.19966022968138697
fe9345df75362fb9,0.13036184699569298
75774ccf0b19e8bd,0.039455489597766666
026c096720d1702d,0.13987334788100542
6aca91fcef83cdf6,0.10068027443103177
8fc4c42ef85eb9e6,0.19978325945071726
1b64496c26985a3d,0.0449772650966302
591d0017ec185df0,0.10436430257224559
028968c773b11f62,0.12509174613292529
3a09eb47d1ba4acc,0.03474086123846031
000019235d24a363,0.09331311248598463
ac5122e50d1ce8c3,0.10241781264497664
7d4feba02220abf7,0.038278451373218975
e59a3b16b4a6d416,0.16551612686363767
84a820be4f12f7cf,0.042210285074586816
2f535756a73607c7,0.2398486231315536
fe5a15197d453416,0.030411494428817284
dfe7a446a8aeb1c9,0.03750131080229152
0ba28eeeb91393c6,0.1002148072613877
6cbf1767b759c6cd,0.11284664286384691
a6e42b03d097a184,0.12854216059481335
da6efa9d56a293d8,0.1344092715088243
20eb958ac40ae3ec,0.04234650911021662
861472b884b8b80b,0.17653687384507702
83313fb5d3e30121,0.06345518190573322
75c00015b88462e9,0.24061733251845058
abad9a6070f32056,0.10001643180229867
dbb0ac574180786c,0.13784972545515484
1ff23956ddb48080,0.2188149323054453
1030748990c873e0,0.11839779162101305
3b392b51ebbe98a8,0.22212836489576568
9bd3ce96b5220545,0.050355965322494804
e80afbedc991fe85,0.19535722396240987
b892e30bd65f1cf7,0.04169126895547077
45be6aeb64cd6e75,0.0758764014486275
10b2dab220d2112a,0.15612329728435073
397e2c46ae990a0c,0.07346280866010797
19d3b02c14e869e0,0.05247799620866161
cd4dc389be000277,0.19086923380499324
fddeaaa21cf9f333,0.07853470869682319
c73cf810b1eec5b7,0.04605507714613456
2d89c6930c494b36,0.11722544555642117
731c1ccc4e036603,0.05116391790567931
a9448f44773fe67d,0.11782024054963894
89d7d09573e87744,0.17212103928672026
09a1c2b53c31bc10,0.13555799059559304
6c6319f9764e8514,0.26083435066248545
f56bb1ad09aacd4d,0.14954140573006242
a49d99323a265849,0.042712820739175865
3ee9be6434e0e715,0.10934006964847205
875debef7413e1cb,0.1203483189283377
a2d775ceeadd24c4,0.17222158462413645
18c8aaea7c834671,0.23184670660940707
df0c46251bada9cd,0.13047684253854214
aab9add2fbc56aa9,0.04710521078467308
a6fc3e9da5c8e555,0.05651573846393155
f637661db81b90bf,0.25884229909116163
33f67c649066e956,0.0729862180271719
86c73cb2d30683cb,0.12013746711437204
b5c00f8557fcf692,0.09075829679165745
a2c9a8f18d345227,0.18544225742143583
5ec5cdcb7ea71186,0.08327332606349164
0f3e463f9177f7f5,0.12649298501530237
4e7f08dff5d4d708,0.10450161742731456
3bf84009bb5fc3d5,0.19130152762018196
51395fde52e82c96,0.14830742520737045
11111626d4279259,0.08272688496079074
ae179d72addf4dc6,0.05084663451386969
e88ef89c0abd640c,0.044560203936472594
c514af589b1c5c49,0.05602318798399247
ff07eef5fb056c81,0.1665094926848386
96fcc4e5d6f59237,0.2515417028344659
28c21a0768568fe3,0.15558973139371418
73627db8491905c4,0.07415797533976873
99467bd1e0347c4f,0.034323088497557344
f68ba1afefa7c356,0.17295521112573278
f2dc825ecdbac412,0.06353550123425311
4aba146c1a03941e,0.04491947500579825
80d5d6de30bce75a,0.10569769277737744
07139bc3c4fbcf8e,0.14950082199290363
e20fe10aec859d4a,0.2262109419931341
7ede37b476b9198b,0.11277488139201032
13f259dd7b600fe1,0.0561035813969349
351f432cde665f41,0.04656939946927423
a0721905432fac03,0.24933456382164748
c64298a4451fa34e,0.11255300719080835
4498869b991b879d,0.1446534864755583
17636075cadd05b7,0.09554245488815731
f1a1bbb6f878a877,0.08806582758615995
0eb6903ad4fa3f90,0.10704734497873049
3188bea8d6f5b35b,0.14831452546416934
c4c409536eb6c51a,0.04488839285670131
d280dab3667294dd,0.11466429295478196
52c6f5f136513403,0.08651873596370481
5090d67fa1877997,0.07063730786769058
16b61b14def64393,0.1318070444920048
baafe2fb18314839,0.03590446704415698
4dd870bba94a4e61,0.0798598283406456
09dc62cfe943169d,0.04275113062060523
c479d440fcf7aa16,0.14594115562046944
8afc03aa50ceaa11,0.13875261695556768
edde45a77638faf8,0.033183073067534874
6d7692d9c32c3019,0.09115418413259893
5732b6767099399b,0.07085443667812698
17d91b5e97f3116f,0.05453757738112264
0d8f39533be9f182,0.1414685212303322
fde5949373183adb,0.18984268310740196
958e0e17661293ac,0.17075071763793176
c5216e7c4a482059,0.0542085767766091
903c649790deba31,0.04489350588645829
4a0069fc3386e06c,0.11518953819217023
a8ed067c70e68299,0.1758315416231994
2739c45027efcd82,0.11755102852319481
9cebb6633780881d,0.2338368319068002
61795ee62a8075d9,0.044855661696410545
58f2b934b0d49345,0.1399239200031935
dae79d85843b121b,0.02749705742670161
2a1568df2de08c44,0.1202369942621517
ee4fd2a6e3a78dff,0.09515694840511085
b757cce25b9c26a4,0.05440225803850583
66ff45cad74a6679,0.0741863682310029
b0017bdcd541c6d4,0.06462405136000125
a3f277c9b5c91e67,0.0737763957981224
a5cf1cd034f1cbe7,0.20293128822736484
68c1e518bbf4e77b,0.07089329209855028
39bc60ddd2106538,0.09638627958643005
6efa72d0df99c34d,0.14705799969148298
ba7209f117ae9238,0.15615150037368472
7c5bee138819f339,0.13209187344662465
0a18482d62e5cb36,0.10849460193370573
8e35efabb244500d,0.05990234499551762
43a9275d59ca040c,0.13210883528300077
481df5704a84657c,0.035386660901460976
4d8d82c65a5b6227,0.04509230024774795
f93eec03effd7d38,0.2979405452188829
3ffdcb2a25a0754d,0.12321336063226353
95109279ae9a6a9e,0.13139868872674218
d6ee9c0efd68efce,0.10357362911764824
74c4894e7bd0708d,0.10734712612388204
d33fec8f45769c79,0.12616739359832158
8fa4532d6a6caae1,0.04079703675841938
3dff5467e3be88a2,0.1452816113648936
fc6d9a8363c4609c,0.03897481360587583
c9cec12908a9bfc4,0.06772509156588558
a971fe519809a939,0.057053762738522945
5ef5d379d20d65e1,0.1013514762944483
e3fb799669853199,0.13319161345025415
6f8c415e8466353c,0.08863650029207673
6a84824f0fe20d4b,0.07754051535496832
8cfc43e4b7c26f14,0.0565461867336796
de7c6a12dea21dcb,0.13576501782728218
d478e64abc5e2623,0.1135043247360969
437101bfe8957347,0.09757231575261072
6e285e3b9740ddd7,0.1291507956961368
c3ad227a535c2fe2,0.18635909562419747
8f43b3a85065f086,0.17014409550129314
90aa3a900822f96a,0.12151750566315601
c9000a6868faa0ce,0.16303848711737529
32a000ae2024ab05,0.04686813704022909
c4605d1a5e5e5f5a,0.13959629116825767
892acb659d8cf3f0,0.07936788774321189
c69855f3bb4ca032,0.03282380552131011
edf73aedf6b35217,0.08431817283216672
8877ec8e52d1ecc5,0.05513666151492504
fa3630178cfa8ffa,0.03916795228770714
9f5f7129d1af2116,0.12158286980481958
5e7e17e9ef20547d,0.1381224520246211
a0bb691eee0adcbc,0.04282387151727042
47aa950ec1d03709,0.07198700424052357
89b3fd466c092666,0.0408589612190999
f58ae0404d156690,0.041751793071131596
766c4ba6be3c0785,0.12250542821573115
eb2e4b71d64f3173,0.18749004135374076
4912ee4332177555,0.1442239519622928
2bef19c70fa1eb95,0.05732259463740629
c6686c6fb6297feb,0.19178342267239334
67508ac580fa166b,0.12781540273859468
ff311f69cd822985,0.0722009366578434
bfff1dc879c76509,0.12043175784564389
3d1fb3f5ce631cd6,0.18849564884494077
cc268338bd6cf9ca,0.15679358739421614
d5798960a3e8183a,0.09538800325659787
11d573b74ae9ba82,0.11848961243997429
8c8705f908dede75,0.20782802893510352
ed2bfbed36ac2b84,0.1452522962659771
89361517fc2f10d5,0.17800798315147096
1626bf6a9e33402d,0.14976925715056197
549de17e617d4cb1,0.03570309274330265
241acccc8c4c5c98,0.1575158726776161
ea3cd2074cfdd18b,0.031117085218203666
3482477cef332442,0.13748380836772534
4f0e6d903964496b,0.055090612312029406
55f5ac50a1704cc5,0.10233802468318533
2754a911af5ae6ac,0.05699441428179178
f2e293367584282c,0.21189010388241292
2efb3cb92bcc9b98,0.040009223493214834
5896699316dc3ab8,0.07319059095458721
2d0483ceb9c643bb,0.11618334691859257
efc8974e6723a58f,0.08188522834130482
a6a0006f726c94b1,0.1351211918711643
6f5c59612f3c92fc,0.36232267990871037
c78209036cd357a4,0.19827274984552648
db9a3030e417457d,0.04571238245641665
99988b482a1d195f,0.15629757432875632
52e13ab6586efd97,0.18713105715236494
3e8fbcc54eca7fca,0.07729545126041623
5bd1113a10668c30,0.08369633165074328
4bef48512ade85b6,0.046938399675008055
2882464c483cd0f8,0.06380267980134315
079b1ed9350bf75b,0.13052095181856402
7063caa968c586c4,0.06654015264945304
ec19c34addb8624f,0.08155233803867136
8cbafbdb15a9de28,0.06846123858755992
a38115fdbf75c1c5,0.13145230139233297
6d8390c7927568de,0.04965851820572603
00981f14236ef71d,0.16051842872464434
12f84fa2b4c572e1,0.0365750104180604
ca5bb700586628a5,0.04427157410329415
4a7058a9b89ae975,0.057600884752167326
878bc0b3326ea889,0.04117800838371132
57f748e3454293d9,0.11589441580980211
07949795ad3e2e93,0.12953862640690764
8cfaf8d91ea4f1c0,0.0674302823701349
0973b331fb200feb,0.3856231196720808
fe33cc8c6e5126c9,0.046502541142747225
95338421b02d6100,0.1526277761370791
6d14e413603d239b,0.13965741681996793
8dd0a5354bcc36ad,0.14944598036314913
73e26e96853b1101,0.03962516718020622
1d9173dbd30bfa8b,0.3213241651219455
b8164626d047cbb3,0.12010468779036362
0fb7907993c4b37f,0.24747332178665837
59ee8f98bf511a26,0.13483922895882208
0c3008cd7e493e83,0.16131073320860234
ca16172c325cea2f,0.04367406353825407
2bca85f81b167432,0.15274300880428918
22fee0166c140a09,0.2049283577902795
e2724c0840a5145f,0.08127495733669392
f36672a2c0e1cfac,0.03278770485649718
1fb583d94ee99482,0.15494614758722267
02f264a344c830ab,0.10700749552271623
4da6645d6969cd52,0.05540061324619659
44dc081e8f45104c,0.11953737792114222
2c2b2f0c44e4f0d6,0.06206187467388127
36b10927a5ef8124,0.18185228419934685
c1aaa1a11b02c7a6,0.09010167935079764
052a4c4d54a4bc92,0.15266716881639067
d52322d3a4091590,0.044267013942092356
836f3b0ea82976dd,0.09038801503587013
76fb069dc8449b55,0.12492789614533761
9c73e1140fc59c02,0.060900667599872636
ae6c780a01769bbd,0.09573084306488369
ef3be0cbdd14848e,0.05017491514885494
3599f0b9c0feb095,0.03504430563434419
88664205bb714f9a,0.0459608841606369
b978ad9fbc2debb9,0.11481520524017023
c82c9b618c165d10,0.08166903582795812
0b15c07bf352553a,0.15437965148124533
7891a28610913711,0.13623026038791775
ad4639fd4e49662d,0.05031540217707429
08bf7df7a564e646,0.0776908646653258
7ed362e9d16716d9,0.04595064018003657
0ad5b72ef7c0ed2b,0.09484394706627661
511e654ff2a5008d,0.0852259248620991
c2cd9bde4b5e7a21,0.1443125949090604
5b3e02e26bec5e7b,0.13617180942473578
89c64c8f9efcecb3,0.10544127049224275
a8f6c6e3e62d6b71,0.059739202821604664
019cc0b8962f5cc0,0.14444906157436552
bc4e4242db6ccd37,0.044833845367949224
3fff2ee4dbde3d85,0.09002464511218353
dc37fcbe553235d5,0.07257352345009836
3bd0b86bbb97a337,0.06879372920304713
4992d9bc07447302,0.06153635390348769
bfdf1c0f0ba7cdac,0.18308732594239932
a6ab2d1d53fe912a,0.04992740063272986
1891df3302c7b348,0.04247800703601014
b9959e103e10b920,0.09088617983163381
0ef3c10f8c9072d3,0.08456486002209666
a10619d97fb76c2d,0.05279273240317654
0863a38392b70b67,0.07678588645175509
60b64acaf466a536,0.12996225622969002
12e3e5d6d9c41e98,0.16328529458150412
9523154e7d045c29,0.15883209026742023
c75a93ff5b4249af,0.04415524057043048
254953a015ac6eeb,0.1970977866985073
800fca2f6db1274a,0.042494034944073125
495cb7b810650027,0.0481932766808988
32f2ab9bccd62523,0.07031312701289455
710c1a24eaeead5b,0.062429491697182274
bc05e8a0b1a36967,0.09402798159565405
7f9c858cee39c32f,0.08260462479180304
d943890ab2a0dabc,0.1228660307814063
e8365a58644b452e,0.12883327006056725
8b6555b1e2375ec2,0.0980391550641407
2d05b7a2752c3cd7,0.06676967341779041
cae674aba0ce36bd,0.14111256933573246
ded2185f98f5d222,0.20341097439723096
5aa4335a084d6172,0.11644294690787663
ea84e8283949a22b,0.14734580471035666
e05b38abdcb5ba20,0.03781771351813007
1a8232cb16668217,0.03830629233701555
964453e5682c98dc,0.08126952790166041
6220fee3bc1e75ff,0.18641969999031668
44c74ce2f7dfda22,0.192951876253574
0e420abbb67f6653,0.25565071364682246
381d753868abf15f,0.05666429513171643
c90e0c45f7fc22d0,0.04085553338668634
28cc75a35f51a8f5,0.14224775790193955
3ec9f6c06061e5fe,0.17116202900196653
b014ddae55b634f3,0.0425318600628224
90879b42c1e54236,0.1275821843001456
7e62b4fce61bbae5,0.1292645002738402
6e384e2ddbb3399a,0.08210803377129147
6f07849a73f44a97,0.22149702814297598
f48a2f5d095509de,0.11839827535264359
ba999a22ce5b3fa3,0.29262855556076034
ba9181802cbd9401,0.1669118470367772
bd73bd26225890fa,0.05079425146383629
64c38fe6742e3036,0.05488666735653301
df243043992dea1a,0.11184938333822943
0119114d3ccf9eba,0.18590204001406738
f21453041c1dbfb2,0.1195979079614741
65850a53164c135e,0.04955544655385524
48527244bf10d792,0.130013958477402
cd4848b0c5d09b82,0.10601987035603747
d29250c293d24f3b,0.12192576190724057
8e49853ead7a7782,0.05779561388178522
c4468c09563855e0,0.0875056563675867
06fbbe29034b7d22,0.04791810306080701
85f4de85a28f72e5,0.1696514249538756
61a2fd323396df30,0.07291554072592403
57131a5c1fd27b0a,0.08378880613102825
97148caf47baee80,0.11934865777950529
bc00a7f9820c18b9,0.05509589176130103
0774fb3a81023543,0.11578315249012897
26fce92bc23cb74d,0.13063376258701648
c97cd71a9a738f03,0.089813407802829
e241738a2d4f1fbd,0.16352802837034047
da7df03e550c90ab,0.08194596284871665
35c07da89ceda890,0.15034101935040012
5cf499e1908cd296,0.09143029793315637
d8e67e20d907c472,0.08368059276905492
f3135343f9e7c1fc,0.18556039449943276
35e24477ff3e4121,0.09499102750164629
ad3c1d21283a66e7,0.11374988056095506
fa88a2d04837aa67,0.14408091972186682
3d8cc5538995bbb1,0.029713367809794635
2cd57b0959ffa8b8,0.0684369010645391
abf05406b1a91bf6,0.37286990438469636
0f7b3fdc5d781296,0.18719518128062573
03365bdfcc4be998,0.0706021604314521
b46302fe840c3d5c,0.11162373676999043
b1f966468fc49840,0.07899032527215348
6adafe7e6a6e6865,0.18879427204024543
e92c7a5333472aa1,0.11709544456245585
7eabeacacbf8b37c,0.0979690611879333
655d9a938cd682a0,0.33392015745270953
a26607cfecac0d77,0.06884859460560531
8d29e784c2fbc4ca,0.18530332910351172
0552a72825b82f4f,0.06680288059535103
8db26f10038d6705,0.06892611629667278
0eb4f40d8b4a0e29,0.07284006271946128
a1caff7700882d18,0.19124328368900542
ee70a37197156928,0.05341269100455233
6de1b2f62b6369e2,0.18616835429829054
9c2d074867b45c86,0.06538950404324215
36c975ccff63cd9a,0.1286473545956948
eac85b26c054de88,0.13316469481010992
318d374ee2d57a71,0.10533487346522846
ea743176167975bc,0.09385618318729376
3ab9fd28956b4c1d,0.047036896804580466
478582ec139d868b,0.12782487722003835
fb9d44e71840eb0a,0.055055739369833726
bd4fd0a37b2b9312,0.11756789235635749
5dffe03302a0fce9,0.21007842535016877
d94e1f4138ee9631,0.0900287105475504
298ced22f474a1c7,0.10863642895414446
0268d1d90c8858ff,0.08448677752918303
84cf6eb7514ea305,0.046498169366175256
95d0de11255bad7e,0.05019679479515637
9df308f6f0758e94,0.1531005736737609
b0fb6fef1f3a5762,0.10560333752538362
3fe46d292459737f,0.04002333734547697
6bf62b52eaee324d,0.05173790226249554
8b6a50f8f0d1474f,0.1737500664863838
89833118f346eb37,0.06100870038372416
48fd781830adf147,0.1976548900680609
209845b666a00820,0.0644158926223424
f23faebe09506cb7,0.12368729888800922
5f9584bc58bae0e2,0.05145441573349133
a08d713f9ab75910,0.11740662598963851
5c4f577995e30921,0.18774992170403856
db21d37dde61a7e5,0.08951623695079235
d22dc3977ccf9208,0.0816390142592549
d0fab5e12cd60c77,0.046993636585844954
5293676c6774f75b,0.05117905857985923
d3ae1f0b7031a78a,0.05486723279743486
bf57f1265cfe2fc2,0.07665820890019956
468b54d83b570a50,0.06062199515833136
134c07b69f25f030,0.11401238864955784
2cfa14158d7d3661,0.1112056299357301
a87b1a98b2c48b05,0.09253918649028571
c0bed62168e9892d,0.1268167769183252
fc44e0d5137363f1,0.07662654820650411
1247308f81ebf41c,0.032731537389597956
083caac4b6cb4eba,0.15598111857756733
a9d470ae3ce0af34,0.03451775554606651
935c423d001e7dda,0.06580405106586028
d096b8795c71a6e2,0.17976611891476527
2acc0dd1e03e59b3,0.08493537802835088
bdba30d6e4c5095a,0.07938840317495771
57b0ac86659a9329,0.12632497172460752
23d831dd1ba487be,0.03925847939557351
628b14a47b392334,0.13817280185195416
76a400c7177ea365,0.07295986975045503
86ab9bf8f20612b3,0.1298223385340152
fb26e948e7444ee8,0.14897415690033974
367ec7e6bfbfc6a1,0.22740664997043297
efb297fa666f7cca,0.16329949874820596
0a0f715a63ed4738,0.08383670596245989
00b759c30fbbcbd4,0.1732729994088709
4c133deea22458f5,0.18057801708492668
b354cc89789a3136,0.12130475415824687
f3595bdad2050118,0.06465495408190161
2171a4f574746f33,0.10608323818870663
ce89301fff62a739,0.058297957897577475
f4786178a6026169,0.09540535639995587
e1db1fa3be2d2bde,0.10911695345485334
05b896a0d6b00e98,0.02594762499761018
89658e4ea0b49c47,0.16275628506042095
db78c841ae5796ca,0.06693780243601442
6af4698b636d1c84,0.0789848810748679
be3f82b0567a0962,0.056847698786454445
1dbeb642447425a9,0.0381511138357556
eec325cdb9dc0154,0.12098951680683218
cab58c1297ee8294,0.11757963569235844
97e9bafef493dc0c,0.08780294709333941
c738edb5352110f8,0.07423863317850168
fe298587b58a6ac7,0.18625275064782773
b01b2bff457f7030,0.07192446658045289
599065c0cda14c65,0.14587035857445757
feb91e47c3d327b0,0.08049183078507893
1b0d5c427077f7e9,0.1086686148481521
6c1338d0338c0bca,0.16446328565546878
aec29f6d68d9e001,0.04091372529802271
c6567adae6722bc2,0.113502739467575
c6e04efe9811e16f,0.05630757248739557
eb86688c957ec913,0.10734096540193891
a450a6576dc20dbd,0.09229630289861236
b700f2322066f731,0.1760381372565922
a4302475b7326abd,0.1716342684751528
af5f8038b513a4c1,0.08289535848143999
0d73ab8c4cb1fa9d,0.18225130024668587
8ca59ee3a85773df,0.0509260147047955
e3f7ceafab0856f5,0.055336636939640416
2445f30cdcdf58f8,0.12073932999147663
23b0f57c015407cb,0.053244437047245824
2750f1a3f3525b16,0.047783635757181725
4d1502e6806c5f5f,0.10876609159718863
9cd2cc7d553443cf,0.08716116358964794
5e314b952cc18869,0.07202912132571818
e8851ddb49233587,0.17837800801691298
6339c240bbb14c01,0.0814311224637822
196ca6bac51b24e0,0.16186764061646533
ff664b7817ef187d,0.03438462520342171
1f50f2cb8e01a9d2,0.09753723485130911
f655a99b43cc6c6f,0.04761413271290039
2dc6d88fd87d67db,0.08639114414282384
b61c9fd4a46a6bff,0.032630672394906954
478a862e9bd10007,0.10540187986733912
0b9c9bb9e3bd1c5c,0.05737455345581566
8ba72175f80e2cb8,0.09007214220361257
80bd1c42bca86409,0.09646971445258429
ee7025a20728385f,0.08150160716090735
a94a734822cd1066,0.08080387092554023
9e445d829547acdf,0.09917536160432139
d08fa8b4d19b0300,0.16156495514937044
8ef8adecee83165a,0.14910024152666848
476933f8311d441a,0.12215158658243755
fd9f323abdfccd58,0.0782521549132584
fde943f5062e49d2,0.1600564365979306
32e1723a53483290,0.07863982516301905
3189ae9ce5829fb1,0.18385422761979717
a691ae869c7c7c20,0.19212192295792382
aec6a61870dceefa,0.10056538943047458
301339e42c2fd935,0.11229486540012557
33bdb599f03ad3cc,0.04018400410740872
ef958079692354ec,0.2990166406059537
6b9de167c2e2a382,0.13193453527286292
81a3aaebe87a402c,0.06606802367353966
78734bb73a549d35,0.11575916339051598
801a31247ebc0426,0.10249205061419718
703c72ed057e80ad,0.1576278074664554
d512ce41ff14126d,0.04499962933480019
b14adfc6f2de5274,0.09562776485983378
3ffc252e11d8a5c7,0.06050257129195978
dd94c4e414636803,0.07573430517613665
089a1dca65e44b84,0.09482935953930799
95e32e732db3ccdb,0.08493943348880983
aca38e8f736ef297,0.034639329137819766
78b2b40abd748fc2,0.13089065897207217
2595c73b081498d2,0.04809048632332283
4821901eb98463cf,0.12490432952684154
81f36fdaf2813666,0.04484963777211313
1e80444ce87788eb,0.11878029060678741
47c976d0b2db324a,0.039754002562653004
76e7956f7212a4d7,0.05951439171579808
2f42d37419bdab8f,0.21525864460398622
460717034c7c127a,0.2286729540156897
f46b154a36f88b49,0.11192186379847391
af4a2f1334861acc,0.17468172804233892
cf562fd6a1ec6763,0.10667533421557251
a58fda4597ded16e,0.08885691894202605
7c5b545797c724f6,0.19478753703304846
cd2d2cade053f8e7,0.16417202289795646
0d42478d5f847ddc,0.03756099729137059
fcdbc1ca107a390e,0.15247536407266413
4a6cd78198d5a5ce,0.16935783191749113
13c39c2f8d3cd810,0.035294581553843934
c79d8a5d80e7f04c,0.040144014822886986
51a701717aef4136,0.20388154311318796
4e8d630667c21f23,0.11154336078306402
9b8e9dc382061f91,0.07608333095505175
fddd94710360c28b,0.09749598084772473
2c33fa5f3f2d5e24,0.04773975145700058
3ca87064dc34dde6,0.1278910931821147
c9d8edd3fb7bf971,0.0955121038490945
d582a1a34b5b977c,0.21423260477538944
2fd593bbcde3caa3,0.18239370747440903
d2f2308d5fd09adb,0.06562146371596819
dc6fdbb3f28f8f2f,0.13013844567574498
ba8e32a15085aa3a,0.12710191318420164
3ecab659633b8be1,0.16049600060437663
80f14a6b7deb5266,0.0908898952245291
6809016a071b3b5e,0.15106602991944107
d26156516af475ee,0.09059751811166286
7946e76f5438edcc,0.12854289258295531
b11ee2ead8527494,0.13486578279298883
03e49d963acfe851,0.06863837751332338
4a3e2db752cc071f,0.22150294002891385
6e5157888073a37b,0.1539758623972875
1f7bd653103f1863,0.0966324516223168
5cc0f066c9d8a28c,0.1292488385838535
61240fe8a4dc9a2d,0.08727698279076831
ab6cae9885409088,0.2926737191463708
c4e40432b0ffcfda,0.14389228168574292
1f7fbe6992fe8f33,0.15736792005677244
94953e6bc4d48c7a,0.09630378210007023
e1f4fd779b279dca,0.1752444132616921
38ccb655faf1cbcc,0.05951318952528226
dcc976ac3a08e676,0.03488668911809377
8a586d58683ab8fd,0.14819904947743276
9d1f98568599273a,0.03843367051084197
f5a4bf16401623fa,0.1936085746437876
42c6f25951f7db7b,0.0700157099133753
673b99f498fb7880,0.09640270459827992
e4f2c6820273bf2b,0.22970071199778905
8e7d37f34a1f3efa,0.19482015001687342
ec4bdd78abd81c4d,0.11327982885707741
a15343296b9f6f42,0.15064098424043348
dd76563555eb67b5,0.14120406203622982
3ce8de8291ffa6a6,0.20043135971605053
1d036919bb298ab6,0.06629861403202592
9579b233e83fe284,0.059152015591426764
be5c561435858f1c,0.21064633824483028
5cf1d9bf22b73559,0.15682177400597228
d5e3e7616edfb5bc,0.045066850938110956
ad00da3aa56f4d7b,0.05846990209518263
0ccceb1154debc59,0.1330106339901206
8e2c8545bf82cc60,0.20180909145944997
d62e1e8938e1c97a,0.21179661950861295
a8dc86e602a746d3,0.29685954385528723
c4329a7f54415286,0.10347000418598865
04ec4184a6a2f40e,0.1322727978035645
a8874aa6ff7ddd20,0.07411886624773788
c9a607048a5bc5dc,0.16973994365769499
002c27108f6666f6,0.09026609051219697
e4f6a20915cb1601,0.06826526017187294
bb014c28cd6924bc,0.12623942773090485
196e2f507f594bbd,0.06939944517616778
9f1be9fcf021fb5b,0.04329645456089033
9391d5f366da4c40,0.15473952517578107
3453a5ca3d904777,0.09741128979225844
686ba22e52de9068,0.05933922839186545
3553eafc050e9c0b,0.14308675424147027
edab086e1fc56c68,0.18520676257055294
d79a009be9287b82,0.10421412213860544
b86e1b1f8503684e,0.1392545659035651
9ad70763cc07c36c,0.19533130896942694
419885390abac7a1,0.033918000292384794
70bb28465e350bba,0.16903243782604763
d2fe3be15c7a040c,0.11668638927301825
df051580b1fd88ae,0.06149338929675752
799dbb3bc5de0bff,0.1453284003529867
c18575ea64f02a42,0.18033187943374904
bc265e458d29169e,0.17359834398063853
d59c94219a63b100,0.16840446169385007
0b79c6776df906c4,0.13111923252929847
1bbd089c39955fe1,0.08174527510864023
e07ee63645347087,0.10372809422736226
6795923abfe3b196,0.2703957635386345
f23bdf1e94c91124,0.07355429634561095
a1fbaeecebb55865,0.04237328593092055
bc95d3915a49249a,0.10875740619348018
c565efbb2d18144b,0.17846360000441
321866d63b3b1b00,0.14449152252862282
50ef5d8288aabf7e,0.06984794570800934
3948549457628975,0.16290080482378125
b958074c10bc601c,0.09707517107763472
f075bd7b8efbf058,0.11375301003073725
f05a42508ffff350,0.15985755546358243
3c1c900935bc3285,0.04285478057697878
cba59c1afecb3734,0.10524602868250651
013e1691ae9f7898,0.04567347267176568
ff4fafab1f01bf0d,0.19909185298579948
16a52132c026c176,0.08752108311089622
7e6dc3264a60f3c6,0.049075821832158355
fde7be20171bb23d,0.04101496334866264
4709ae8a61f423da,0.1458802062364499
f2f7edc4fdecd842,0.031225400343109427
81421fdc47bf7d1e,0.11134620748534602
e130b6363bcbe974,0.06146175574735821
8b5dc994eb4224ef,0.09660972230179914
ced09e40d6cdb2ec,0.07039805731182008
b65873d2d6509482,0.07549818477995243
d663eee7b55b1c09,0.06487311918664754
e8ac634318c1c070,0.13640894507741536
9861a481912689da,0.046754030032883774
c170f4b630a3b239,0.34859201207977486
31f66aa5ebaf2ad8,0.129087686387553
31bc47bb1448c433,0.0457252893721857
79eacc58c9cd0f29,0.20117039196844047
32cb3b1b23ea545b,0.07546057667533776
89357b6904f7d6ab,0.09094021326809645
0d9d1cf89bcda082,0.15880790509183335
7c15e3fb5080a6af,0.07759195927001036
a8580d9f4b1f100b,0.28881867600643535
ba1c0d81b8bfcda3,0.09029558966481578
d5c76d632f469288,0.18436759157904195
4faeee72bb8b4acc,0.06556230298425017
10875f7f7d53acdc,0.09184251615907141
3fb5a4da63283ba6,0.18637432509693114
6551e600570cb09a,0.2086061206398684
6b4949612595764e,0.06736095042504013
d45b6491898d0fdc,0.07440757916915679
0c40fcc6d696a66c,0.08480582185854543
74607a92b5ef932a,0.05466072640621771
e7bf586ef35ff70a,0.0629972076355258
65e0da070f27aa66,0.06122713102674702
38a09fd79a425aac,0.11921664777034101
aed136202b0b58d4,0.07815515795718675
5f5b7b68b01d1299,0.37093880003915947
cc5db835afffd307,0.086834577268822
d8842b37f5416b48,0.10306568912602432
d8aee4335af252d3,0.07302980663931226
00494862dd9b9e04,0.11272862577013144
95d5441c82b1c46c,0.270833392902836
c6e492bd428631d5,0.08481965461506559
598200ada2678880,0.22611324558025364
8094f4dc74add0aa,0.053290015391017964
6831a0024a1dd23a,0.04544149491649882
d56926e610462f66,0.05875321911418098
bbe39148bfc2e434,0.16366812743222972
1a07a83f589de802,0.1182935095632357
8210d5a233d3d65f,0.03232638107824935
ef4e598f566c9558,0.10537324234069755
c02b919584ea5cd9,0.07444101955804298
68bc1f08eb5258a7,0.19548928736473872
d57a9ae04f68912b,0.1316807135453507
fa41a48959374ae3,0.05981953564454194
5e725dcb74b4e75e,0.05968971672651251
121dbf76a9cf73a8,0.1831010899277553
a2383e552a5f2313,0.04979206024749741
378738808b201e0f,0.08066812626590213
9642ee1e267eee82,0.10700033637210196
e55cdf82fcc57177,0.0770985276095989
2103c3d1e5063e3d,0.05356413121130366
02004dc8e2729e0a,0.08480923769536054
95ae4af4bade5009,0.08846663082157492
8a4e103c92d62a5e,0.15955052951849802
c4414b2ee31b7e94,0.08850017918111275
0866387e16259486,0.12944238956832188
f0b7e616767a0197,0.08599699661099898
a86d2f80a3468f5f,0.07849242875489114
691f9a97e9645bce,0.03934959942743009
2f2e7662f26d0933,0.07411465579261618
72cbdcef4a6b4f07,0.1266328773878379
3ca15eac9b7ce8d7,0.14125288578245976
d9f713c872a26c76,0.11157183982797396
38c5cae3c23f24a9,0.06300850662648265
80e12c9a6e625e7a,0.17243207972363372
78211c4fb5585628,0.16559682708063375
59e71eb2f5c7c432,0.1436700228913596
b7abc4b3e6ff0e3c,0.05083402651797636
42eaa77ee15f2ca3,0.034177904905836526
bb8ed5a0931148f7,0.0508847124368897
2ca7468532706e2e,0.06727264214564832
98791c70677eb76c,0.10943274071422471
e7ec6ff3f296ed38,0.0669629830876577
7845f67130f900d3,0.12800297568964228
fcec4d0ce44eda40,0.12609974084515518
0ac91fd23085433d,0.13741032778276763
ff61891d90f930cb,0.10636310054648816
41fb4a2210a6066c,0.1411920908429369
4c7ebaf834966e32,0.03823670632563657
81aef88d712fdd5b,0.09247888225499062
36b0ae34db90ecd7,0.18893184429586976
72fff2ad28f42426,0.1380170504769529
717207649c078f67,0.05627860449803739
925d6e357d7ec158,0.15353641833229562
effe2d48627efbe4,0.1221673620220603
0577c43390d4bf43,0.4370049138209033
546cd9bb6f2ba820,0.12252736230773037
8a47c92c6443e7e9,0.15282835051318694
bc9467bdc8642922,0.07961356251143015
af91160b63f1bc90,0.17455472210096754
464ea9bea5384944,0.13561813308394874
b838b4792a3c540a,0.09990641605543965
11fd6e717c95ce29,0.14465476422208093
b1e2e5a1c0f42f8f,0.09898215201639615
222e74272be1ccd2,0.08693559621733042
21a85a0b474e45d8,0.09867948395019613
5c5c76ce21ac9a03,0.044560267996003516
98c3f3c5243d4fc6,0.05245432581423604
745be7354fe05a2c,0.03735836240380711
ebf17df229daa6aa,0.11269406141118662
14929f1035ed296c,0.2297074631782385
af1bc354186d653b,0.03470022031732502
88e44f6549d78a5c,0.05191655003689346
1a5119861af7675c,0.05090034267360499
4675a1f396e095ac,0.1363199030249129
306fd63061172f24,0.03330569369591757
68fb9067ffff02de,0.1587946015962644
93665736b22ae558,0.07859668649552196
2f3252e131fb28c1,0.12091534667729484
a90bb7ef537f3ccc,0.11006455641425643
f8c47e6a1ab0bf1f,0.107680239882932
7f335ac0ff549013,0.058067051301909825
e9c7c37b6584e68a,0.05431395224667547
e2f8c99b54c930c0,0.040759767662705663
4f0ffae34b450b85,0.13765908719301073
94e27d2dbdf9010f,0.18894063774904984
db05b31fda1c2b1b,0.11464122455979248
af64ad7d713d5a93,0.10158258984167627
4d1462da71b0efa9,0.054436599343348525
04fbab7984c52c30,0.15557293209147408
c01a62e78e6d8a2c,0.12270604346864943
74f8579fc40b2d7b,0.056845164226132235
0eb2d3b71cf2b61a,0.15110752280355982
57788504ce4c82b2,0.13690329892105282
9e7dfd444a9f30e7,0.10362560144660377
0cd8b38e5a4b74cf,0.07215079809399016
e8c1c982ff8a6704,0.08407309357496458
36bfe943ee63fe65,0.09244414127475784
998d9f62a717ccd1,0.040648288732011296
8069d4397377adbc,0.04907591896474181
ba8f312910226da5,0.1595442992461947
37faa0207a18eb20,0.14535835372388983
c16962d752780184,0.19370908734235026
f1d62e28f903e96c,0.10720787942466724
8cab416d1f2bc624,0.14200355696819636
b791af74c95ffa06,0.2334118955662244
05b113e465a98080,0.09181756623349022
b17d9630e851487a,0.11907739602767044
92981268f9d56f38,0.14247125190603724
76775e095989aebc,0.03448100538985885
a07f4266c4b1cb5a,0.05614101503411459
7b5b1f94772d1b60,0.06232267737643504
4f8ef604a40bca4d,0.06334246348754877
673f3a4c0bd90267,0.0704786355123396
58139d3ae9373ae0,0.16310423433109822
c24d1452d22e8db4,0.109055948288916
441d9763fdc1b0df,0.18064426358513264
d2987a3199c1109d,0.1379653643137383
cab99a91ac2562ca,0.16349108431781956
df1222f0cc1e08bf,0.10688815075808747
bdb610f14d1f9c0a,0.04702876566736711
d63652d83092f4cc,0.048109713716572994
dc121e137a206780,0.08541063102493895
e5fde6a720ffea60,0.05428724415260108
52f7118d77a951d2,0.059762977145314346
1b60cd7738483c77,0.14736839077823585
c7ef81c5ec66b855,0.25285931624990055
42a4005911b6abb2,0.17846795979052987
926e4ef2979d43ba,0.05123469774921845
936393261928dd44,0.1237286512418611
90b3943086a67cf1,0.08362563243863483
80b6c2497708cc79,0.10125087855051688
dc880492a16f61a0,0.10307879522401213
363fa6d193ea1791,0.059036784282421664
11443cec444ffbdd,0.22699684896436553
174e280d8c42163e,0.1603817979910848
d7fddec00bcd1345,0.09756132496549402
2f2a0292483de945,0.23019249992696744
2638757dc8ccf105,0.041462863750992625
af967b1ba12837c7,0.08559773814767307
6cf0ebd8925305ad,0.22205981376381284
0307e7dd94f223c0,0.03969848329679718
d86f818a421d896a,0.15984609589935683
95c76aa135d94e8b,0.05490597523530739
dfb2dc72331615e7,0.16151578617895607
b488c877787792d6,0.10172382317467173
5864514fce7556aa,0.11503052792417517
7db51b9dfaa6c3be,0.03835260472004916
475afd5ca8082909,0.11261320972322103
aef3fd34396adfe2,0.04509750554524594
e93ef7b1eb85a270,0.07948408807400549
e643f5e629c7ab40,0.03451780173337152
e9234451a7ebfa5b,0.12260303158990611
e8b95693607a1af6,0.200822811668211
362e59ee5f24ba56,0.09887747893995465
760d3c489cbc2365,0.060801863002047804
cdc43a10fec587b7,0.1906617684683969
436bfce1b2e96ebc,0.15655362912232332
8364b88b9aee50f6,0.12488025879491851
49b33a422ea5bc22,0.22646460691043185
7c87edf2fa4449ce,0.027401045500484972
ae4d87302f77418e,0.06632503398057965
80504f5553a663cd,0.07037928440144608
285102ab56c81c9a,0.10570195522812739
ce75929520b6600d,0.18495632932696393
90e157fa590bed49,0.18168234433807917
72308a9b8ed351ac,0.1698026011415138
67da97f4bf5a43aa,0.04852234551767169
7a2c3503f50e758b,0.13833194777153984
7c277b093ca6e70a,0.047031563656452266
e17cdb698e7793a0,0.10329492852284732
304f33ed70c9905c,0.1339037201088783
f671940234873df5,0.14325161413110318
4c60ff51f1a98ddb,0.0713775101265885
357333ab581b26a4,0.09521520447227678
c12b50c410a56d62,0.05181380390366111
280ee73ea3f9a150,0.11271896324301893
9794f61f2b35c374,0.059062666714376086
99bef954535737b8,0.17423984231043643
164deb1fbf6d3d15,0.10694349576653728
17f64dfc919c257d,0.06881035789533833
177f1a78be284fe4,0.08013974665053751
6575a6e55c3aa52b,0.14469663895087037
e1ceb3cf89c78b04,0.08677345739293538
2787d14ba4491e60,0.10393947757812483
47283a11f402ab9e,0.1271287402950765
3e13ab75e759c66d,0.14970725626510623
565632830f202280,0.12213331270417857
c60dd36532e24523,0.1253787390384565
1bbb760f70ac35fd,0.062198924538557576
5952ee73f64f8e8d,0.10867988859115486
0d2e12deb5dc05bb,0.08834655817423367
93cf50cff9e70197,0.12780866703817548
71a0f1d3a79f9279,0.09303557285573343
ff1b97bfbc1de495,0.14974889673837388
152d66dccd700ae2,0.13197300646748625
af9475d72cb09bff,0.07948369777045237
50c6ae4f3f0c520f,0.15061801328297011
53277c274f93827c,0.14387522219946094
65c28bc2a138b604,0.16933416930259915
ab3f36de97ff5288,0.04170290553171115
6e673b3e05a86556,0.04342725054652039
29ade739f5ac47ef,0.13190844955210582
d6c96030b8564b06,0.13342857515691173
5ffe88ee98e246bd,0.041056182104725766
b75847a46dbc7758,0.058088716147709454
fd4f072e7db648e2,0.17394265095469852
3b600a791eee47c3,0.1048352443414721
3205c60644f3310a,0.05546256411375099
37edd7d198365da8,0.24368369746152685
4aed77bb42b6c35b,0.034771161770680514
70b9c5d2c47a6231,0.1751682171219842
5aee71b30cf4e773,0.03309455757158013
3b6034955fe901a7,0.038139289267499626
53f7e37ad065a1ff,0.1381209325650586
8249af221f0dfc62,0.0769657915143009
4a798f098b3ac80e,0.14679120210175162
7859a3365dc11f7e,0.14146566423681992
0d6ab61f58e22d8b,0.07399479349201822
d90f47b845ad8044,0.115810044682634
908f76b67c5d77d6,0.08072100197454685
2e13d0c9efbac24d,0.10151411473957879
fbd3509fdc1e2fe3,0.04522434664849094
d0c07aa05dbee8c0,0.05922479386063503
e2066400c0c997d5,0.13250616513057256
9d002016fad484c4,0.381326305437001
18105a09ff042e04,0.08205795758322515
97dbf62f03867f4e,0.09780885914055426
008e7b56ab9053c6,0.2004016853163165
e382e61b69858e84,0.0352731125580344
a02b2c12a9b232a6,0.07174205488979139
5d4eefc602f1a815,0.1333596913671153
8c8faef5bff7b3c9,0.04773155135048378
8ea4fb1f9e66fa76,0.03756354409170348
22a32bb8f8bde6fe,0.15789698847927156
6a655866f90d61e3,0.11436020315446549
b15548596622ebdc,0.05865612371749471
e6426b5a54e4a972,0.1448251613582677
2bb1ea15970a2de4,0.047294322454124134
5b2c1fc3ca8dca34,0.05037797150218743
b26bc3d1078e5a5f,0.06107528997651665
9db2f38d40ccfed4,0.06611189901482525
8481c054b0537a7b,0.1482414046597987
c4016925a614e39a,0.12402868606783582
a6145b00b87ffbfc,0.2205442133878355
856c1f1b7a16dccc,0.03912527216396733
5db9aa657576b123,0.03539677174574332
e6c91e69fe022b81,0.37539233794330046
18323213899682a7,0.043210573746673926
84aeda77a9eaf7a8,0.13099846310540786
60aa7eb39a1066d5,0.17064061425125887
011908fe41b2ead8,0.23031413192285555
95a236faf4cbd0c8,0.12550136201400203
c58d93928c4b43a9,0.04267825683656501
e3d5116d0ddea646,0.18780662837214737
3d33771711b587e9,0.13705991809056065
ca902179e21ff302,0.14824691387000116
4b2142ee3d149d15,0.08729000080370312
d78803f699e1394d,0.13352559201224307
ef2d9881a6438977,0.0421561674924001
3b5fc032ae2a290c,0.06810429226517672
9d5473cf79999f4a,0.10866816877369449
9aefa72a94558b66,0.11575984430488959
78cc36a16e5afd3f,0.08266232258201385
0628d45dc33a5639,0.1410225968748069
bc63ee6da23c5dc0,0.18069879569207487
5a69761001b7342a,0.09824288108906103
f5384c1b33a306d5,0.05550132891968718
9f4fb39fb6e8b6a8,0.15128379419775254
f7787ed37e4b9d05,0.13620895453807208
eecdd457b6c7edb2,0.16339134007267253
f36c01f2f7fefef6,0.15608043761481066
abe3d414c510a7dd,0.0970025260564587
d1f7dc9b905e0fb1,0.051499255738907554
a97c23cf1c8d474e,0.09978962128012397
fa77ebf418dd2361,0.04711159764813306
4fa91df3f09b649a,0.15419838558764043
4c40bd5075d26ea1,0.18451684358872522
559cb0c10ea413cf,0.11498958535160526
b07714f5d0a305a3,0.1350250117893652
ac26d06332fffb35,0.05615667360529069
f3a18a7976f15c5b,0.06339015862377467
bd610a8daf3173f8,0.03126071791196229
b4db2ea448a373cd,0.046130994504471765
a9e601aca0377220,0.15021074132178888
7580e5af192dbd01,0.25196655061972073
3b50e09f1d1584b8,0.1110627562117402
e752099897ef3c84,0.044388114899550836
9e556374eb31bdcc,0.12592455258724036
09bf3001382d4d51,0.05438387502246495
ac4f9d21db6d0551,0.09176963254056089
bab162c780dd5d3c,0.08467028354586113
1ac05275c95e2b9b,0.05236111734846587
ba53d76ac3815303,0.1599118825007476
731194026ddc8a00,0.16624077162100023
565ccf55ce0f19b3,0.05687810905778395
c610846e274513ff,0.09477361616687147
4f2f55e6f8f022f8,0.08477206503640974
171594c12d4f22c7,0.037556344054620994
fd9a29be83f07915,0.06644439085222245
0e69e13d2585552f,0.25235529165309867
8458a25c7d299656,0.0737344823741711
36510a7e2e8cf5e6,0.15912032916292287
4c689c2ab0b1e458,0.2553324114037603
bbbb01b896a60659,0.08479238882968078
95a6091ed902a1c0,0.10549371504706613
226f1fdbdf45c3f3,0.06080899290791836
b3776535f92034c1,0.04652195046219068
e136a41bbd9d2ebb,0.15385755887375077
2acab7498f95984e,0.0541273847821547
5a97d6bb500166e9,0.09244933359454413
53ad75887ce27a2f,0.04959407976463387
4bbccacfaab6a76f,0.10946803547242141
8d5dbeff654a20b3,0.03773850286820413
885918cc4b58a92d,0.10596822696394761
c33b954ec9e9d53a,0.0493121066209848
c73aa72e6960366b,0.10600698551182397
28c265c8e738031b,0.1790857802955537
16f59244fa16b9c5,0.15073852422254877
ab1bbd20f2288ef0,0.06141618714489381
21ce9f486720b00d,0.12695575988958102
ea98936cd5a062ef,0.12803006910748627
092b99905affadc7,0.14155048594327058
f8a1935cbff0e3e2,0.12936256830914744
557ff2105e2227eb,0.04201475361341699
e28b4c1e7eede953,0.050576805464574784
afcd2875196e3514,0.11248280757377933
622d0c5c885e5d67,0.09905560197857864
5ab123deb8c8e0b9,0.14421291782766615
d70f7077ffdc3675,0.12279620113739176
ec0e23575480409a,0.13710142057368077
c42b1312f2466d13,0.07086621598212375
58f7c9cedf508963,0.2712320466529604
483a6a2fc6820e34,0.06424156534049168
9a410bdaf99ab250,0.17863105847973737
27d8448c7743312d,0.12468211466486549
d22510648b60b80f,0.873572278860776
cf71cc1d5beaf427,0.16414960563028352
b16d96c422e7686d,0.140650340883621
f3bb00d62eddf347,0.048213843023666283
e7ad214e8e1b87e3,0.11297783223034209
a149a81fa46121c8,0.06336330934476703
954ac0304d013ceb,0.15230511647242354
5fb61c8caa291bb7,0.053657996043482065
b3e6b65c022e07a8,0.14416033550085688
014590f5ad393d98,0.08908036443494674
fd3098a48d0565da,0.026563525910379252
597dfb91140f7a43,0.04634379104078045
29c72ad86d92588c,0.04381958700976182
46403e8726688e63,0.03921711694583399
586f9bad93615a9e,0.21651900359068613
518268ad7eaad020,0.0805841263196718
eb68006674ff7853,0.11388626023213307
829bf94f3c7511b9,0.09810959695142084
472338feab38fd63,0.039143055833907356
e2eb7c00452da3bf,0.09135006136509267
264d5eac0a3db4c1,0.13276178911372374
5dd40ed8f6931f40,0.13280966846606437
ea07294f7b9321f6,0.08923361993266483
800d5b199211d908,0.05747820582485632
c26171ff73291cde,0.1633105712475595
9b039401395029d1,0.05995121126743885
149773fc93e82e0b,0.17370262541952144
377962b226c4354c,0.07006813018179298
b33ace47f8c9cce3,0.042232730508326065
5898aee0357167ae,0.0617504998557271
5011475bc46160b0,0.05855671993614523
49403fb05b28bdc1,0.14807213474521427
d64f9b8328cadfcf,0.1497972883113876
8347b5a18bb84a35,0.07648835244861754
a72c9158377598af,0.07896611267480699
346932f67e7d808f,0.12155593263426495
e4962aaff0cf97fc,0.1459773166794274
d63549a6e599cc24,0.034025810604291
d013eaf626e99575,0.10454802952929601
a7c0072db3d224b7,0.11803427575803391
b87493b15c6b1e21,0.0839888344560174
cd6d6ab0bf1601eb,0.09750847077052913
fc7b0d78438f45bc,0.1485952140496039
b53e88867e63ec5f,0.10024771174568238
1e1e7de7f17a14fe,0.08915999897731006
fff1df28cf047de8,0.0788951086833399
9a4279b8c94a438c,0.040824548092729736
d1a19d29c2aa4b9a,0.14284913692206652
ea65ca7ec57132e3,0.14295542308394815
35cc6e8b29ac28d6,0.21900781351345633
35cebb20cef64701,0.1562673769799958
03c27c6fa94b88b1,0.04582570508202907
654a7847a4c3d0a9,0.22347236217904706
d82da976d107c4ef,0.19591188454599462
0f7cdda5aab7cb9b,0.09408474532899262
511e61b096246922,0.07322781854313182
9bd56be8ba9524b8,0.15741979256357877
08980e1d210b6aa6,0.15761984841623466
c84430f350b3a159,0.08514120482571982
152edc8f6b8762bb,0.1603219242771111
a4a8682aa22552a5,0.13265754684260553
5448387d25232e4f,0.03862956133257439
86b5af3c99c2229f,0.05150074219183944
a243c84e17ad5313,0.11548354902501595
1cd4111d9e2c14af,0.038059289444347534
d6596bfbfd4cc049,0.16122925664447527
5f6669357f9d2602,0.14644625957590646
8ce4d3415fe4440d,0.10237368273204484
b7804e0aef5425ac,0.046376566036291166
a68ac8503924dfd3,0.14695316769959277
0ee54a169cddc5a0,0.08993279336261094
91e67962d58a2196,0.09006610540404623
337f92313341198c,0.09389617387830508
62fdb17735fc24f2,0.06941795281245375
32070e417cceeade,0.10512986255791572
d10e86cc3232dbc9,0.22601663896360977
9e379ff80b817265,0.168756823051441
cfff3503c56dab5b,0.040416649594332395
9f21d3f021ded79b,0.06211219827926946
5fe69ac7610324ba,0.10153025920487141
fda80e0f061a2a2b,0.09870714627633685
e5f50a39b4e83fe7,0.14197845236045087
b7ac8ea60b369ad0,0.04725526862443702
f4aefa9fc2e0d241,0.22774822970080605
0f32bcb05a22709a,0.13217756101521327
13334ae771ee01a2,0.11688432316673646
d2596a53564c0b21,0.083125835177809
1a90578444c1c9a4,0.0687858276159409
38767f6c13ad1bfc,0.0903037563583467
8d312d36ba150056,0.0621239670214691
c4e9fb7cce4bc726,0.11405682260241116
9ff220beebc71a5e,0.04447463122815206
24bb5e20d933da44,0.10512866988410187
42f6ebdc63da37de,0.139165317163275
39f065a3b51d8011,0.045545826680694894
adfccf4de2f8f9e4,0.07668779827428177
bb73756443a5eee4,0.0836418220929128
0d9c7ad016175e4c,0.10258439796279939
01d6dee3fee929b0,0.05069642155957463
4c94ce26b7eb0794,0.14748318030784183
184edb2637a41d50,0.08249865833747705
b14c8ed6d2ad7039,0.03633868929199968
efdd1d7495765245,0.06438038347245503
affe3b0f590fae77,0.18080957657953983
3edd7de677b91b05,0.1091490608227253
ba9e4528463c5dbd,0.08364430288759736
8be8330f2029f548,0.06984606558609173
df6e6d77a02918af,0.07352941397550539
33d9746c24d2c070,0.11312736508170193
e51c785618029ad1,0.1578212382070961
d53ca1e375f1420d,0.13361939267092815
d4133e84363708fa,0.1960994297386228
094a4df459f84f9c,0.05041607930925991
c95b97cbc9622e38,0.048540922216760894
8a243d50081a0a41,0.14092827225682847
f6f2fd05daf66b4d,0.051054813641838746
3b5e52e54ed29ece,0.12878958303719715
144d292add5f41e9,0.1324037630978088
49aedb77fa2fb4fc,0.12768062017259924
81e5d80b657413b9,0.14969404332840502
fb21fa126522b6e2,0.10683204377204056
3451b921fd37a93f,0.14571591503156534
e25080fc68263c8a,0.18774866822567587
64f0448c8bc4b1eb,0.036998031254216295
ed89496194aa19dc,0.09528609100111297
fb22f7c013b24779,0.1324269864264008
1590a07714e8a656,0.04453721724231594
54ae2ffdf139cc38,0.04853708054540273
96bf13f3fa835169,0.1123369781082222
559cc1345795571a,0.06123548839836511
325ad194b9f588f7,0.1277749219573166
13ff609306472199,0.13803511273712524
3c87f31b6953fbbb,0.0375860667014999
2dd14f20786549ef,0.09436326027459677
be72fb5da729ec70,0.050426747498178784
dea2b01ff6868477,0.11675504159597884
c7ffc036c6fcf66f,0.12501088837022134
67b0cdefddff90ef,0.13142526707273228
eb949d7c7beb6354,0.10672694360684522
72dbbe8ab710128c,0.13175982208150921
fe50a3aa77d27195,0.036626590739209125
b7dea5f446a371e0,0.06854396449477698
3b6627fce4fa7c6e,0.03671546444190066
5766e8d8c783a487,0.12579773596511887
818813e68f11c85d,0.09905085744396976
4efd1ededeb6af5b,0.08491306536424321
7339d8d336c0728a,0.09806167090449351
5932b86b513569c7,0.11906071849239552
667e3c34655efebc,0.15862385012637498
211cf2ea67620b3e,0.20274410629073378
73ddd41ae18acb03,0.0704617770002242
b7d7b9bb940bf7b0,0.16327801967872002
672de9994012beff,0.06415622679810534
1fcb989eab73caf4,0.03472410809157669
1a8eef4f4936cf0b,0.0721638368258509
181bfbae0ed5b503,0.026417537600226706
0144b06a9d5772ce,0.18036969874635933
a6d79b35c359d2ca,0.18026341383539737
adb1f5a83ffc8956,0.18155956118997543
7fe7578307634c36,0.2308192395089204
ef916f6bd9bbf8f3,0.12898026932617063
261b4b9303f16955,0.1517617623591888
bdd3d57f2dcbf24e,0.046954001771796
87478ecab9990b69,0.09730151535758177
00903281b49f7885,0.39335805939084845
faa54ef489380476,0.16882171679784896
afd67495e65ca43e,0.05896879042786412
3cfeab5f2a521bd7,0.29227627930044037
f889243e554a57b9,0.15250190078919024
1633226e5baee1a0,0.2469305508681024
09429539f12260dd,0.07576301773176458
4642f19a02b65fbc,0.04822493327450211
454379600a0d58ae,0.12206967383673757
806b67c9407deaf5,0.04449460046875313
64147a091385f1dd,0.05192011490125361
410684a9ca496c4c,0.05111805656291749
198aca03e558bad7,0.04579343655269487
19112c76b72e70ac,0.046418949768065064
33cdd595d6f64465,0.05460060685388239
b678efa350251d1a,0.19621854694342847
2773ef74c8379c3e,0.17415729365849597
21a85668c56f4a28,0.10957426046146804
ad44c67c941b730b,0.048567257268445754
afafaec6ed7cb894,0.1449157090529268
7b2afaaec11da7c6,0.10366729979472575
14f8df83cb5fb959,0.14224939524047564
2fa6287a9d075ec1,0.08809250098544348
a20301029a5e8b78,0.13343695670305278
64c226150b42ee5c,0.1239739399098793
7012b66ec38b6038,0.029091892962452334
334a43b3d7746442,0.13516835415789144
3e39b50358f01b64,0.1252355416122596
dd424dd258080c0f,0.10705751314910072
b6815449a050c02f,0.072374565363448
786b0bb1d7a4dfb8,0.04778328924763958
bfadd1b4779947e6,0.19115731040094677
23bda92c60bb92e1,0.1812540280863001
20f374eb224e1a7c,0.04800982343322001
04bc6e2ce35edb4c,0.16588713593076135
f5fe2d58beb86d40,0.08939798058835655
203f3df885ff03b3,0.04039696855746462
ac5388e6680db6ba,0.04825898428124496
20a190db150bd0a2,0.09573515660561985
03b8f432ac8e3226,0.10005759901981023
800d13aa581dc05a,0.14854435353944995
32ad97494e39788e,0.15850942064474915
762f69f875d0a0a7,0.1228011928040771
7102288564065a58,0.1524481592279824
a244d35bd0a46b86,0.1227647754756081
9fd85d10d8d80cd1,0.07809686936935677
cd37f417a290a412,0.14646587854050525
087a61efb373df95,0.05680795386244847
5cc1bb67fc9fa495,0.038465706499644495
38260167161be0f4,0.12024789596491188
377d6156aea5f7b3,0.1560242199413689
de73631ba462d9d8,0.035650627949113944
c6ad617675fc82bf,0.19822078258553757
53c0301b075c4edb,0.0669279213169664
d5d5bb7bc7475a6d,0.07993042954652052
2785f7c003032f79,0.08572502864166295
bacabfcb41e851d5,0.20694396673055065
930620d9c45cfc16,0.12944005966293637
a2253bc60bd26111,0.0980095374689228
48be98b0da47a60d,0.048473964657720886
4192611de72c647f,0.17356928331210839
0a3e55a0415cf1db,0.030401678659115774
94a41eaf6c166f8a,0.04473115672866501
65c588ff0e6a0940,0.11761393114204519
7316f0f5207cff7d,0.19212950994390132
fb48d6120d40241e,0.034805937583521324
83e835be4b7da5bf,0.06565677163441964
be007ff41dfe8e33,0.18166045996394578
ae762981ec3e2222,0.20401775329113303
9cde4da63a470364,0.07695699369257787
1e641e6a0e15cb0a,0.22057803601396803
f1e1bfceceaf5b3d,0.050591506885426685
b33a9dd2d6116451,0.12487822240553907
6a00f8682a96e6c2,0.0758874770395677
4889bb3fafff04a6,0.04128381761976699
d83965adda3948e8,0.16326249844037585
35ebd3eb17d43331,0.1420846208112605
4fddbddae3f8c321,0.06561307837964589
279f5d02ec1d4618,0.1515680469339528
18dc05e08437b19d,0.10674995541046219
fd5e41a3afe867c6,0.09086671076198725
4dfc9b4693d64425,0.1306605411794543
38efe84b2371909b,0.03474548304740541
d5ab3634461fbdba,0.12130241457623697
88ee52d04ccee47b,0.15387117727902525
311d0a7d1bc40182,0.09697756813034121
ca3eabbb86d9d394,0.12464438694335646
0839345320590491,0.0755820552410202
3166da0225b35bf6,0.1061798104687848
4fdcce92f68b7529,0.18017569996159366
4c0a03f188fa9938,0.08704174021487532
efd671b84d562241,0.04482159217009808
a1be96b06611a4a7,0.09408733994005691
7c15209ba7808ba2,0.15159312534066663
b4fb7e75679d28cb,0.1764661268462212
095adfc07a65ed27,0.0929124434450699
a19e6a028348c708,0.03182284459475259
bb5e510a6639b43f,0.12810802942277608
fcf27b9cd834eeab,0.043560170064025315
dd9e809656743e04,0.10058797227507421
9cf20fc9b8513a03,0.16884185900419857
d929256e10f5e94b,0.11273168586980277
c7372107d1356264,0.18063998512011217
fb002ae965e2435b,0.07961976722633371
891d7ae2edccb735,0.14890627266775502
33b3795f9d4a8ef6,0.03502671357995832
bd1c976bfd04983e,0.12144970104066527
22d26961eaf80875,0.2177436269208107
3267d0aa9600286c,0.12747432991505986
f85b98ab9c2071aa,0.047229130269717985
4b4c86d64f258caa,0.11975738019980259
af271d6d690a0b0b,0.03955920519239863
8b1bdd0f68e6ab19,0.05543816428448124
aca740ec2df56ecd,0.1299774547561928
66cae06936335046,0.14352775715575328
8aa96ed1f09b6e82,0.19105372264772028
fb089d648c0fd719,0.08950103800698764
b3b39f3310bed9f2,0.10277973156283333
4c9ddb6a1c08a7ae,0.03445189406710825
8dafb6cdb58233f8,0.2412557240135171
8512f25e0995f115,0.15891818422577503
3e89b24f6780dfad,0.15057232357264438
811b5cd3d60f8f01,0.10618127769320793
8cecb78a9a20021d,0.07509033566653275
c726d19506a1a864,0.07038139504923863
bb71d5690f654fab,0.14138784717400502
01fddb547603eef0,0.09331911770484184
c6592de36f791128,0.07764075780112312
ccde7fc6a8ec59a5,0.06847481531439346
ba6d1493e3a1c1ad,0.1299991389580249
7dfaf88276d52a5e,0.14890008723994164
c09d65931e21624b,0.16523120329347968
f9544a6dbd4caa2f,0.04195408522546859
b374ef23d5ca3b3c,0.09714123211170357
c51f8b67a66b5aa4,0.27590065895121446
4793cb7dc1d36c4d,0.13747671134252215
c4a77a4226cf0e3f,0.09850537859741171
11b46e06959d7824,0.16957263293911046
75083fbf03436018,0.12822402480943576
44cc96b7436e60fb,0.1754273661843808
9c78ab8c7f52b1ad,0.08348488970457701
27c3ba5b3d6374ec,0.053165473148075154
09bad77cec8a0ea7,0.11336528220305192
7e5eaee69f7e8e60,0.06591101565085257
9701beed4cb2fd40,0.04100037626389043
a886ee5f5e57d356,0.0282176903423039
43322ba6466f83ae,0.09293587886238155
39ac7a6c910dc826,0.09286384252285115
a7624810eab99b39,0.13803542271222988
27ce336c13dd7f0e,0.06226273165232544
35ec56371ec7bab3,0.1431486987245162
1033972a8d27b8f3,0.1661908489162581
246fdf152b78ea45,0.04917496248556713
67db089b7a0697c3,0.0457833038106777
51541de4865fee3b,0.08464503184375456
2e0ffa5c733d2a47,0.18388363543472186
c307a7a1d2e93ae9,0.1870579328265639
60775afc974d2192,0.07931619796680449
1af8370aec8adce1,0.13815834328020068
7adaed59e375f94a,0.07735820237000965
d3f971f17d9ab0d0,0.04771716466895914
f1eff57932ef0f4a,0.12121882714899779
b41ea8380984305d,0.11760701754790699
dac2137cd3aface7,0.1483875661552061
48da40bf199dedce,0.0634932770554257
2c36f80cd8d50da4,0.0370454244781772
e45c5c285ae25a13,0.12074173056731338
d57fa89c692abe6a,0.14873313975120384
0d5b889f910953e2,0.0433193280948416
a2bb73ef62a1fa41,0.15445731625614478
161e450caac64b0b,0.07543474099495832
870239c07fe84d59,0.1986893052733247
1a510d36c73a9190,0.0984786654838106
6365e056680facbe,0.11215026559270398
7e5efd56e82bc148,0.055708909841330694
8ddf8d226ddfa267,0.03861344811527639
aa2927ee663efd7e,0.08549201509137741
1969a71e6c309cce,0.08997421309093967
33e3103e2045fa64,0.04891580046776131
79d3953d4c100b9d,0.22661030776233543
8a0bec565c237aae,0.09632503143567978
e7b2425696ad04e1,0.044102149630508465
1585c48da5187cc9,0.13649231587099708
b508d898d174eb05,0.14062317726557527
ae96ed3d88eb7aed,0.06827945413185076
3780b01a20d9aafc,0.15748014867381874
5d2ea0bc3f49f99f,0.12698861873136563
609566c49b16621d,0.04156798123051901
52a50658bfe832ee,0.1354100476214705
76655f684bc2518a,0.06452911811007452
507aa51e38d00459,0.07162241574941594
e7edc5fb783b818a,0.05153504813013491
3488c9b765c1219f,0.04835650846319139
60726ee6707bab89,0.17614000160385537
724b704c54783fd3,0.03336722583984686
23405c43202f489c,0.07516313349083514
0a275c8c3adc1e3b,0.061110449675670704
ad727a83295f79c1,0.2021692341964727
9fcd517a3727524e,0.10261831649517063
c1a15f34e5189a8f,0.0898698200140244
ee586308edeeb5fd,0.14583556462644442
61323c4c907b9667,0.17232956877654138
dc6ad9b2ea237556,0.24335166663240085
fc261535991f079a,0.05800590372251665
199f8696fe22e8f6,0.06998683770266341
80c803fed1e7b815,0.04137016295572168
b3645ff1881e6181,0.05834986296719421
f077bcf8ba579026,0.1208016854366307
c98984325495234b,0.08974805444121436
2b1acfb2885f0207,0.05444789107362154
58aea5fe94bdc9f0,0.08349976684809127
13ce2e76f9ac9797,0.13280372022111556
585b1ae5f2fdf9d8,0.20789137518837283
c02d00f3c935fac9,0.06778516587854286
961c1ecf22020dd7,0.09641984793008163
34a2c0730076cd51,0.16442866270709425
f08c72208c842a80,0.17270359973665275
3d0365b300b08d12,0.16629554954362055
7698d1646b1160a7,0.06218372314693797
46fe0812a4d6a0e5,0.07035148528266313
1992a8cfd9dcd0a4,0.16664693134349556
234824681fe92370,0.0561024045740022
66dae8fb83f01cda,0.051814698100358915
565a8741e734fb66,0.07652415773470814
85796d3a4623f1b4,0.0579589783000879
980c038df259aca4,0.05622859963651103
847d49fff22ffac8,0.18034148251135415
3ab579aad87803f2,0.03844023862615651
7c287939d256c04a,0.06689717380727095
9b56b63c1ce61e36,0.05072937977411221
2b2beb4ade849fe5,0.13688455626610357
ca97e3a639d0f212,0.07477171067692437
cdf0a515724936f7,0.09418233144356311
f0d9600d63271cb1,0.17947234322370667
61f6d6cd6e8ebecb,0.09018639586178137
66bb128d75c1a31d,0.11123659057100307
ff6ace3df2f93fd8,0.03434719728709629
174f6de5e6fd0ce6,0.16756066407075
f629016e686c93c7,0.14438576701856543
8a5cd96071aee653,0.03158874341425179
47a56fcce1a48c57,0.1836340101881219
bc218a229f6dd8a3,0.0725594866123708
6700a0d8cc03fd40,0.12725163187119207
bf07422782deaa4e,0.22726927213506398
67e5b268a06fc16c,0.057039098542362644
775246a31de87040,0.08589427535255256
a8c96679585190f7,0.04524866563124284
85e8b073ae9d6cb6,0.13745719977659995
8d783fa9a84a2016,0.22809302664183342
afa9ef8b36efca27,0.036867158930027503
292ad72f433b2ec4,0.06259299287051562
543a382acb950efa,0.0619305074316496
97eee667e12fac11,0.07313264296637749
f1594e042dbd4135,0.05318524463688692
c4acac79bfd54ae4,0.07797466000702383
f1bc5cee7cfbe74f,0.08833974796221634
25e346e1b0340347,0.09737786219171671
53b71602a81f5c52,0.09624220803486977
6d2d4b17736e595e,0.09310206224424268
f652427f39b6f10d,0.2819467264394681
1437d0c59eca00af,0.04867433956615896
d8980b5b1d68a4ee,0.15499726739590586
442b8a915014e871,0.11542083462599216
6a1e5bce20cbbd53,0.18779846982676326
ec75dfc7e578543f,0.04041203684955314
94cd35193b228a90,0.26825251309131776
15617a2281e76896,0.12572908510474962
ae22b29ad0d98702,0.05840792389820859
3e5ee530dd802ab2,0.07666984069848595
9304c1771978ab05,0.0418503020980628
635d5bab100147aa,0.0886270329872436
cf12cab6ff5fa6dc,0.124827550398673
cc7ce49efd47f0a0,0.04315522492817147
20c507d578183dfc,0.14630232998959986
e29e2bc7c3e6ef41,0.1869628769914412
61e270d51cee0fe8,0.11189436060805948
a1cf27e43a150760,0.1947305512610653
9bdddc292578558b,0.06033970624559992
fa0f0cb920abdb0c,0.14006701733866783
95dc87b7553104b2,0.19914187654517193
c268681605733a6e,0.08494940947094787
57f8444d376ead3c,0.15226029970731025
1eb08c4e2e2d0a0a,0.12080523591668366
65f04a475e60bc71,0.126262173952995
54b86d86b2c582db,0.06465853829516267
ac660728eb9adcbe,0.11056899270275494
9dc70760c7a65427,0.18955034862527995
707fa7577b28c00b,0.05223028623934195
dfc0ad3ac006f7dc,0.11702267991675602
d02c60d97c52824d,0.05421806208204176
68735cd4123d2c31,0.2152320107119166
e7fa76e1a52159ec,0.04954502401632894
8e2a48702b61cf4b,0.03991603566286495
7b4d442d12660d2e,0.06585586074225357
1879fdf1618adb5c,0.11283978504343452
28331b7b0b1598fa,0.048098114484738774
c27a3cd35a718f85,0.09461484867635964
003398b630719a7d,0.04232296081709186
70b9137733db97b6,0.10747887171067035
f0ea5635eb777479,0.14010437246532023
e80ca1e08210095b,0.14645074809524627
033b8feb5aaae03b,0.0447734800682858
ac6a54139c7c9d37,0.15091360688947753
ebc95757b2947172,0.06840365660838314
2fcf426035785728,0.10936314640941074
78996a14f02ebbe3,0.05110836257874859
a87e26d221511c94,0.0284867314226611
c5eddf448403ab6e,0.04293016725272281
e8da0e67e35aa293,0.11438350053109773
88b632eaf9356d3a,0.07285425144397525
85571b011c6fcfaa,0.22897006927757416
9013d63ab473f952,0.13713704284420603
960cad37cffe68eb,0.07335255557861718
e247eb8f78f75a9f,0.05907393386611022
80eaa51c4c8a00ee,0.04789115201247984
35849a3326fb87fa,0.05629479253523846
d95e6b933db44247,0.05052676142637056
c8d99c2ec6082321,0.045294722963682
c9aea5e1048b2e51,0.1354458898852068
e01947dd147cbbce,0.052498768041693636
ae79b75a13c928bf,0.0541649358517089
ce571fad3257b3f6,0.04059204162107374
a95633f51ef3a7b0,0.04500516798390284
297c6928439e696a,0.1942335651982337
a4d78fd9f9ffb303,0.08781518508289801
2dbf5dac4bc14af2,0.16148730945669576
484f57153280140c,0.11498235237178353
db3d92a2887ed53d,0.14051995148669
0fcc2eaacbd92a61,0.033012213851834234
3b06de421485ddad,0.12937011531043058
3ab1395e200e5b42,0.16222797186749496
8b607b6592065a8e,0.07014004635853419
a58b1c259179dc09,0.1786124894564243
a84f2ec64cddb96d,0.2118615461615043
794ec7ff88727529,0.06495442337894713
7bec4fd7e9a158f2,0.0847247350610746
bb364b5bbcd978f4,0.19952318489102192
89b648a5f0f0ab12,0.08960204706524458
63de8d6c54817aa3,0.02732495552954214
f379e9f71ba0c23e,0.0960708767169827
a4d79f83a661fa2e,0.12089153333094972
211b21d15b3b91a0,0.06243443785389827
1186f6b426beed22,0.07151372543830387
8dbf55afa93fb576,0.12537208296322822
4c37d40f77654769,0.04863343319434203
282449c18b62e5e6,0.1856409673012962
12472f1c83854116,0.16209667202983777
eb624c530d058714,0.08208227046283759
916aa0618dc412d3,0.16972601018563002
b9f7f01f0c234a62,0.18341594694602265
d6a72e0c5f8c9277,0.044135629765208136
888195334e946eb0,0.03902160787933226
f1aaca6b558ffaf2,0.07589590635155777
cfd7c6655e63d480,0.21568956291736155
d54c579db2ee74b5,0.038027397056624515
3d05c28ee2849928,0.24390853750634972
88653ba09b9797ff,0.040455964617913384
270649bc52035cbd,0.04611705945833372
164c0240a44d6755,0.08256774547058007
71d79d68a2b92f27,0.12761863448309202
9bb25aadd2b3bdb4,0.18327438626907364
b3c62935a53d8997,0.07931828652716451
e850d24192f9e415,0.04616685842880494
0834b059b33fe386,0.1688075991141967
57cca7c7ea10b6ab,0.06962812275688995
39483c2d8174f1ed,0.16207558569753072
4df07eb70c71ec51,0.17827864500403695
771b30a38c390789,0.08394268357616148
65037a69f9336b3b,0.11273927857857384
97bf39056279f7fa,0.11019844589303478
1a2d12af54623039,0.08512465570904672
e649d739e4cbe4eb,0.22054641260871638
7c35e8ece8dd52b2,0.17369368560332707
4f679f800c6abb6d,0.15734190892557365
42a8a8ccd4f9f9e2,0.032117352219239406
662eb31e5ca29cb7,0.11847593750294044
39a75d0fc9a932b4,0.10199757644178711
f80b6c96f9ca16ca,0.037147473969921366
d1112438bc117eb4,0.11665038809269906
2a23256f8a1b1dad,0.13717258214194702
e3da84e292717dd8,0.07499816529220359
b3da0bcad91df631,0.17578941617978416
b7317d34b8035aa3,0.07723092283136351
263b44530f890156,0.11200642191900258
4908216a464f51c6,0.16132935664580994
d0b576af5fedd973,0.1137497021434129
d53abab056eabccb,0.11814855404488693
9947a71c07c08013,0.15678057237432066
e3f83e6765042b60,0.11368931731989017
b5e1fe2cd612caf7,0.07265494276005041
2c979dd3ae786b0b,0.03228512935469275
37ebd133842ac652,0.1349049065542682
8d7452fc00bad24b,0.13520339554574734
be4d73360ad37873,0.08489183675887202
40b14de62d50cd96,0.381154014408044
e8b95e5aac14d285,0.04396415962842135
545aeb4e5c2808c7,0.05953870998880674
3ea943e815e609c3,0.059339527476217506
9c3663c00fb99ff6,0.07897278354810947
6806a16705d54743,0.1396552129664107
9658ef3f8e3ed080,0.12625472802112614
72aca7fa36feebdf,0.12656648365414414
dfe86e43c4930991,0.12543897268956603
4f82ff5b5651d2f0,0.060706796067170964
d13da56afbdee207,0.11557985353886738
0dcdbb940af66121,0.057557109447589544
0e09773245767eac,0.0583927084570106
b186bc9610e2b533,0.16618241706182624
d54841a2e0a4cca8,0.30260531597195794
166c017caddab251,0.1732389380336362
a23f0288384f2f2d,0.0932239117271878
4886d310e5914363,0.0806664578839128
41edfc6111e88f1f,0.055331713371100946
0f33a4c86170e40b,0.09515153073267746
19bac5bcc4414e66,0.04386905952951006
88ddba34446d1ade,0.08100343232367296
a8dfc97deea7f5fa,0.1395274923115383
fbe5da4001a21c4a,0.04486543785952292
8ea535444187b6ac,0.05394623626517518
1be66765efbe9174,0.10305392702536575
05f16b595e33f77b,0.07177975166883267
3fb3259efef9eda0,0.05331926169088619
43836f5657b092dc,0.16222858670495455
26ac42441170201f,0.18183728369372548
12a4ec2031ef6174,0.048134245731442364
d8e7f33605a80ae3,0.11760519284551342
d6bde3bc380d8735,0.10575340601414755
9e0c178f3e852551,0.17503151885027496
88a6149ecfb1f651,0.09367962238424808
54a33fc8125490a9,0.07765761448784837
2930f4f063583542,0.06511099763364614
5092541f5024187c,0.05541665691030457
e78a593c9b385330,0.11930479541225855
a09be3a8eeceee6f,0.16735437895557234
7010ac1b44772de3,0.07664253466386035
49a17880c454c7c3,0.06298923099105451
4e36cc0f1383ebd3,0.14366432860193953
ebdb25864f6ce1b9,0.054404160916621536
bdb72360a5581c6d,0.12403028146381741
8c698e0fbcb6a090,0.06528086278030856
9c350ea7550d8378,0.054558757184863846
a8b88f7bb8ca6361,0.06656639179541785
3d326c98287fba6f,0.10115550105802258
f42c01d8b045f708,0.15546154604207665
8e5d62b3ab696aaa,0.03703750116824438
6224caf3c72e7ee3,0.08802899224018385
926fddd6b2ee63aa,0.029857305257260124
922cf50522b3b88b,0.14042322063344354
7d0fb10204af6166,0.18618444083370053
1a76fbd031e39a6b,0.21228155226420165
fd68ea29d356dd75,0.05371327588530566
03cc36191251ada1,0.13572081455797252
99b5bb0b92d8a55a,0.0519599088555389
aac02a9d632924f3,0.03798154964513259
5d220b8e18201d3a,0.06703879744118377
14fc1d6fe2d4e69a,0.18677921582635842
35e119f52196b1ba,0.04195893550167434
40f1234b5a30403c,0.12469217949449068
d59ccb5d557c022e,0.14021396687142368
0c385e728de38f99,0.08013533241992378
f8683477a2ab2ade,0.16637004296930757
511fe8f39056b9f0,0.10399439259308875
c99c5d897170f156,0.1125909013632109
9d753071d21e6c36,0.07364588986803258
9e9289f66961c664,0.1367161961096026
5f8b0d75fdfecea0,0.05072980116463455
9dc13c482e059e6f,0.09150511995055612
3f87fc97c66a3191,0.1707722214757161
1b3f3ffb589858e3,0.048451092101420436
5358785efbcfdaaa,0.0769948947582594
57193bdf5b9a6b42,0.1420999622515898
4ba6c061c5bcb057,0.3529097176151849
218a85cad268eab4,0.176589478635869
f93dbe2cfff78101,0.11829830928696326
a8481146cd533ccd,0.15002823775696078
84b0e8fa750b7a33,0.08172664126076179
fdcc76060f099b01,0.041475806367051754
300a47eca14f8974,0.14546351977948171
14218faebac40dda,0.07820283777814606
6df2c2d2e3c3a7a8,0.13339527477552884
73b49cfc1f3e9dfe,0.04221303681346847
7f686a76e0a43e5a,0.08838376283209404
bf81324a27520bde,0.12597324188706194
f5d463ec64cf0b0d,0.09087010071908802
7b0554b8ca04f697,0.0678583314982421
e1b2fbbaa6be8596,0.10195516778895555
1b881aaa4217102a,0.1040842250123669
c212840fd1764342,0.07066821682957558
ef314439dbb365d6,0.05371319983973716
1772dc13f02d39b7,0.08608209364124234
b9ed04801fc7a354,0.06538655284606815
105a3d1544b0f94b,0.14225623720250102
78654baca9d1378e,0.211138639600993
9bc2056512b6d4b6,0.071659112633238
09c4cf78e2e7adc5,0.0801766502627054
b2555ae21207d05b,0.1465638494430963
ae348fe15c764802,0.06423647451547233
f0124c71b8a4ad33,0.11835677856383309
b56dc4e690b38942,0.05937888187585176
f780521ce14740f3,0.05552610917077114
dc6f043604dd54fe,0.08015999900815955
e07db4ab9d64f3ee,0.1395768604428764
8afd23b140e4bcb6,0.14693186942925437
11bdf36dc7a35404,0.05891945998346759
4996a5c048b055d5,0.16169491488611426
623d8021b7d32292,0.13237558658870413
9eaa2f70288d4b3f,0.06572349116944312
9b0054be7988059a,0.07649586558571257
3952d82f6df456f1,0.050959388680382876
8533f9a63a9367b1,0.08031009547165568
391d9fb2c3bd6fbe,0.03541061955928516
101b529dd70a1e11,0.05677710919351268
85b19b6a46b45156,0.05214239921259044
a4b17c05d90ca2b2,0.10175308343800821
194ecba02d51bfb5,0.05361707595218282
20a12da2d8890e93,0.05240619729857192
2df9214ba1de660d,0.09388515285625339
bd7e307eb75933e1,0.10970158062700666
5e0b0dbe5ffe6e83,0.6801317252651358
bf3a6cfc9a1f3c80,0.07659157905565225
82ae8090ca11b2e6,0.13851558695857685
4901ed9747386ca7,0.14740981166022465
53084b49be13c52f,0.15622507712268818
0263cc51aa1acd4c,0.11725926146625988
41e313f2355b137c,0.1349701649191743
51a37cfce403f12f,0.06479384066461062
df4f484e6719459f,0.06305197354742977
de7f255e061d07f9,0.11128646550543625
741683772f1576c7,0.15742921138851293
54c7fb2af01e96d6,0.17795501054519794
24c542dab399c685,0.04232543838442626
a1230bf06c58290d,0.061808482974800225
900e15461a12870f,0.15180303080590865
c089536a25834f70,0.06557734461166209
afc3286b544f0040,0.16945475868204893
c61465243a2221a5,0.14141217698524092
cb1f20d4bb93c243,0.07298767591571524
30725d20e5558b56,0.07871978969648812
94ce3e10e75f90a6,0.04147993966816951
48d0b89d569495d8,0.12335245239319413
ff1ad6d36283f697,0.06991477712291203
72be68b75d2c814b,0.05201660022833747
e4b90062b12b7030,0.1648506428189658
d6323a665e446722,0.06633904936941756
2d37f4baed1667c1,0.12111302556074899
05781aee37a18dac,0.056104147204264515
de24d558a18a9f32,0.06644972644092324
cb44379989560ff1,0.05466079502322487
eb333ca8ccdad2c8,0.07100897041856469
1d5cf29e044bf468,0.14484084290331273
172401cbfcd665a3,0.14731461238488847
8247761544773a90,0.0328975434935202
5f2c0797f7cb831e,0.04658224366276079
a7edbfd2acdf8ad0,0.07662758861493321
fdcb685349aaef9b,0.1298909547742262
1568e5a308c50e7b,0.16641482462883414
53f5f1c7014efbaf,0.10720933154933046
e992034fc58854a7,0.06847111308752268
b1fc334e48e20c8a,0.040859246938017894
ca9f6168acd90b8b,0.04330867859453225
929bd47a71c6b958,0.24820655351973978
f7ee05e2b2ea34e4,0.07647537362132477
2f3fdc90e73536d0,0.047821440025465733
b43f6d156041778c,0.049940789440836526
6b0740f130757056,0.05957849662101369
9f1200bd8ef18393,0.09031843080282322
bf0849396acf9180,0.04794685696591624
58f62b02898dcd7c,0.2760109299957885
825b360a284d4a2e,0.04249567489149225
0274228343b0c7cc,0.20477007636555805
746ca6b736caea7b,0.054946481497825765
69cadc81ce7e015c,0.06403814177949016
295dc3bdd969b7cf,0.120610450759673
e0c7aeb2471c9ba6,0.17847413173638152
a7c128e7baf08587,0.08367030276613092
74ac5ce19092de45,0.11474716958761827
5642496d768456f0,0.18805591657616932
9568d09b37d48147,0.1271505481813815
687eb07ac1ec9aba,0.08546258059866339
1131d59f818ebfc7,0.06273982169805806
70d46c4ad271dfcf,0.09747791604987285
333d8235e3bd1acc,0.07061028521956891
f9dc0ee30937f393,0.1135967356703911
e2e48b863ea7d61c,0.13076876067304014
96ad67d29a15ec47,0.12540387446817738
998b0ea49069c858,0.04181609799391272
cbf500fe483dca27,0.06692821266343763
32889f39f5c7e4e1,0.0690560000803595
f87241418df6147d,0.10595986906386914
afed174cf13b9d7f,0.089712741669565
d52f3c40480519e8,0.15809433668238462
67306d595867bdca,0.039701116050893034
dc439b5c79486948,0.08621867534231198
35089dcee9e9ba1c,0.05672365363244789
61b5d6ef5f241490,0.055871354050785
45f5713dcef10264,0.10025762733577534
2a3053d58302242a,0.04084820489837648
0998f38d4d069491,0.1277688439379127
accc2c8ae67e6063,0.039487705361145896
9f5292cbd3806d79,0.06298753387588173
1fb85b95e91ae45e,0.0835521617312787
faa0394464cef2e8,0.03731194163749031
af95309c63fadc79,0.10312142594056549
b8b45d6732b08fb5,0.07631375370208741
66966f55862259dc,0.10089403832774631
608333309da6527a,0.1450862186345962
36dc5921a7d84ed1,0.10450335576392975
27813742ebfe2b33,0.11379947269521869
211d5db960ca61c8,0.041177773245445984
5b186ac0d11513b9,0.2560755779481477
832d1c008bc3ef2b,0.15253591016218387
7d4e4f8d7d40dcfc,0.061983773566507666
f0dfb22c3a27665d,0.17211872691150437
407451c452cc5d17,0.1967455573691414
56928312feff0ba3,0.1139941201781053
9454541a6582c13a,0.07362047415822229
e6e2f33f21d593de,0.04094713470705637
eaa2910769614f8e,0.03851269653263143
127bd9796d970cc9,0.08144167456857507
169858f0ea055525,0.06859066602851813
47a3a9c393a619bb,0.05364541006611826
d25e98683c74aa8c,0.1052916369418204
4f2ec1f813538809,0.1226429652336477
8e5753d72777a9ac,0.08145665416553771
d9cef172341ac628,0.3537434681798911
d2c6b2e087495365,0.17021178030718856
5aab483da67d16b3,0.1060004610837331
ad319fa45d964c5e,0.16944685471056253
730d677b8c968e37,0.05969328756028021
b1e38b684248bd0f,0.15661906683414928
ccd097c32d7ca7c0,0.07718238253674196
4cb0f5de29f8b8a8,0.09775047413581918
902aa8ae7819a527,0.03669456962002803
36cc1fd78eea46be,0.15944042788897228
5b8a6b0aae157e06,0.15682705621825382
d371f4cddd5ab580,0.06313563420189033
a07311ae113f1cc7,0.17505524178358103
8ff382f017152a6b,0.13305535001881655
bfe18fe096f61209,0.07797075706144564
97f3a3f55f767d91,0.06509648108987413
a4058a2e4bbcaddc,0.161988561263274
6dbcfd20040642cf,0.04324112294538637
42a6b3c10ef18f02,0.10548309626120304
9d7f6f4e136504fc,0.06004699083076398
0165f411bc818cb0,0.11271995053277865
bffe1b12bbe69fb2,0.1293857923475953
e01b40b1d6f30df0,0.1704118171646284
3201c568d1d26470,0.1632267579576526
0affa4eadbf1db83,0.1741978338753839
ddd3b7b0ab9f40d9,0.1619013333144864
ec738c2ec1bfcd80,0.0336618434812391
906a954f8e1fea07,0.21508932034382103
cdbfc59fb04fc180,0.1990291803092047
2d4770eef88200b3,0.03960104450791625
3d18600bcebb32aa,0.09547073406702304
3e050322f92541d9,0.08288915594546233
1221e13593768788,0.07330186402762053
e7ea980a9b3cc8c4,0.10234435754237499
398953f786ac4845,0.16876644218357947
e8efc32edeaa174c,0.15172947538452958
49f061e869ee997d,0.10458495850187674
17668415b4ad9f20,0.07202191978028194
81e71cda520c7c11,0.13588772300348953
7c48e5537ec69161,0.08229112779953719
7b6ba45bf7c43e21,0.10661043394674678
9cdc08694020bc45,0.1469233646488916
60a026b4a766753d,0.10047348082679443
719db72fef47ca30,0.06243442199688978
c0b5b808eb068fc6,0.12516437425900667
b20616efa1e51758,0.048112084019081826
d1c2190b7e54ae51,0.04394987114962742
88d71cf388b60bf4,0.1422305020382979
c2394a42025bd869,0.2097984287010531
19b165b652dbcda4,0.1628831762658401
c17841139e5914a5,0.15441184451411918
5549a53bbf9d24be,0.14459947508569646
2da830aa5b2812cb,0.06614132177976335
fb36e8ea3112744a,0.08810159119914744
3dcfee7f0efc084a,0.16086007512827594
16a97d3860c22e1c,0.17988558870132074
6322b2e3f7dca7db,0.09389028479463118
a48ff3331f89fc6d,0.1169504696825139
e07a96472008d97e,0.21819985098467673
42af4fb223127bc3,0.05838898139659876
4aa484762f1d25ae,0.10997916299985064
c414fb964c9cbb8f,0.13870870946626251
397cb89e6ab8a959,0.15102729955255761
2e9d9d9e0a6af0ff,0.12648622959012729
fc32ff9c59a22f95,0.03296806592752534
5783d334ad7f831b,0.15387607007962478
dbaa31f9fbbb6219,0.05729713217782452
93eb228beb06de30,0.04545989294888798
482d6bc5204e5ae1,0.07289943004983421
7128efa4863f0362,0.11241577167917864
ba5809f410734a94,0.10010754108019396
a571eb5010a2e299,0.061870400047248406
ad6cdd09fea09683,0.14585667417925413
fa9d2cf12e72efce,0.1371025385321338
a8ae0f9ef30ce81a,0.22356767085712087
3b234a17219db0b1,0.05592713069448866
25b24a0734045bd8,0.17970659573145878
771f41a483c9f8a5,0.11614949347974927
22a6c4ec274869d7,0.1289997957959962
e48895820558223a,0.06323435170717912
02c11767f29d0426,0.03648703298183152
d686fd200c65923c,0.21490325417210382
adfe117f01ca698a,0.030338556473941142
69f3b49837e76dc6,0.09091003022248005
2e72632e2ea73631,0.058428784981834986
3207b91e24e27568,0.06617672783903905
95f22517cd16a7c2,0.08442623256171368
543936caa0e83a72,0.06733164831326884
58c5c659df736b0b,0.0463484077959645
997b65e2ca34d529,0.07261769476984975
75bd9c566434eae8,0.057402368199838814
14088d0f66d091e7,0.19840696012302753
4014d97b63499622,0.0951958399377065
f9d10471eb47111f,0.1391158463458849
545fffb7628e26bd,0.04424210230082356
9c45d75bebd4d820,0.03496979835717486
f710caef77284ef1,0.16474751740100277
e4bc3c14c4f4b1a8,0.1341142544783102
392b17be6354d3a9,0.10382748591593209
9cc8d07ee090f377,0.165382140798218
b2fbccdb690a2b84,0.12331144115261981
291257ccaccf9d11,0.1349411921706569
c9022a6ee3a5d7d8,0.05046990929547395
19a688707e160732,0.045436509571378035
84bef4f5323ebd93,0.162004674505555
a3e5e1903e0e9682,0.0914663946898596
3b0297530613b732,0.0443973728325758
ca0fa3062d6f947a,0.14248264806384184
aba2a7eb167c6548,0.13770963942531292
7dace0a49f811059,0.1361867380758236
522ed32d9fdf2d72,0.10544481347690496
8771c418cc219aa1,0.11947944865385023
1b8f8b528f041137,0.028526191165395648
a9112add272578cc,0.08549168622035688
e722b584b816d2f4,0.13648655027824105
324dcb8fa3962b96,0.11559982856787412
ee84f939a7ab4e14,0.17281215722167437
f7a5683abeeb512e,0.06853386990775502
788dec8bb41081b9,0.04594746112800989
20880910f50c0159,0.12589796930674788
a55d2babd6ac6e05,0.04779928004909586
7c5af2b41b2f1889,0.11411992886561963
af9599e0e687edff,0.06725810107121055
96de608fb997caee,0.04761451856776673
ef99f60d68f58a7e,0.21928424810635885
59d2159096523cdb,0.2206887277775073
606abd74dcfa442e,0.16391114355089295
20fdb4917e7e9401,0.057038434229095436
a3a5ff27339bb075,0.11711961277030794
b5ecb5c63b48ec75,0.19908180863650898
0a039166594e063a,0.04202822431728273
62bfe04683f51a3c,0.11644865651440296
b430c4d5161b59db,0.17969246350936988
a385f4145be5f5d0,0.03518808660771261
904e0bfdad64bd43,0.25117431120594774
0f4074528657c491,0.1631796427169272
39e4468b2f4b7935,0.11016597927323568
9125b00413b353d6,0.03698224969548283
fafd8063bc5f5cec,0.1386620623887653
6b06401ff364064a,0.031896855547663056
e5c9addac3faca6d,0.05291591848935228
d12807d748517f6e,0.0760015107118177
828de307532bb29a,0.18701482951024956
2799da617b3128ab,0.03927228309488977
7b6d6ea6d9feff86,0.03641904462888611
0627c402fd75fb9d,0.15822384569064038
a1bb99f3b749279f,0.08162894895375548
ceac2c53c27234d5,0.035516017750143035
9b3de1b793447910,0.05719940320652567
76a426cfc81a4d2d,0.13628869899028703
abac3cc21ba1b309,0.0516954284656965
4e8b9323fa254334,0.11718421682793219
1a4205578a28486e,0.16155077438281584
fa7dfc3f7d4a1344,0.16305077641585697
340b1651b36c8645,0.08325011918697883
73cf2e26157ed703,0.14742891302055328
87add43c2ce1b06e,0.12937636230875635
01717bfb5b3542c8,0.1212476445578781
70ca05c9213444aa,0.10463228103879088
0684a9a80bfd34b3,0.06412517000192093
8c2ae373e2809c29,0.07278254059826177
331341a7f1c33272,0.12608974283550084
97078c12c161c701,0.08654189357610269
4ddffb1d8861cc54,0.04671268311641526
2dbc5e3027b4817b,0.11102395649844113
8fcb717c71bb3cfc,0.06032265976017964
58ed220fa88a029b,0.040046339490971895
fcad4ebd837b0031,0.0511480602317019
0792e52fe2c9b711,0.13411733767318154
576de6970c4ba90c,0.13443788655973526
930888a00b16e315,0.13468905585629237
bb00b59f720aadc8,0.12192848048539279
05aad23e028bea27,0.10427533797048426
0ccaef7346d2eebe,0.08095772713694568
bc31c0a97c89dac1,0.13989615523439142
239478b0c695aad2,0.09641117590664444
6d59238e91d3c6d6,0.10882807467669876
02b6f6002980042e,0.14816618007978988
0164fc5fb575ee2b,0.10354545779701192
d8ba5ce01fe8a09d,0.13912909270834303
173b378df818b167,0.03747316471292127
7f5edae9b09a208c,0.12784923820578473
0b5662c2a594c20c,0.1285441689662543
55ba1dbed1a641ea,0.14605640997270666
c944ecb134192652,0.1984555437130941
3984b7d478aec2b1,0.1547697750504572
f6ff304e4f459ab4,0.1684457869550202
a49951ac9b42ceab,0.08076486983404284
4b48ddb6a65e584b,0.22009138968992578
624009526008e265,0.08736880545275294
9ca1f3fd0ed031b3,0.13752678557944273
dd7e10345355a17c,0.08416358232089083
a324ae18d57bb12f,0.14004577050579717
f3aede6892999fdd,0.07448203184009859
798f779dbd13fb6c,0.21535901715913963
21481b4c28f91b47,0.05262058374792104
8529066c088169cd,0.03617036623301991
7e93ed2093de4112,0.06806623196617664
51687c7ba8a553be,0.12387453864762095
4ad8b585409698e6,0.04420728521785786
eca2dbbd4829118c,0.15624528293380774
7a9bea3f50549e57,0.09762447374528956
e53cb4d81fe012e8,0.11864861023917864
25e3af07b73ccb43,0.0840668275045791
939b59f220b94ec8,0.07732575894263356
9618c75bab14bdc4,0.1735843343641797
2ac483615d4696d4,0.1819238636001064
b357b45b22852d5f,0.04536306672392662
eed158b983054ab2,0.04778500942997764
25b699ec3d33020b,0.25135449222155304
fabe692869cbf6a8,0.05188112624961707
e30cdc55701f891d,0.13707251653056285
4e247c59738e0754,0.11418434892687371
eb6c93bf83ef9f01,0.14505027918744307
4b2a51b89182eb2f,0.11331182126675027
920800c7a752c35e,0.03760146883970357
00e3f3638706ad20,0.10580665783391685
3b68344f608e8cf6,0.0535034880350346
bd0092d0e87dd02b,0.10031535773469342
d3020752ddea13e5,0.1264101608481084
679a41beeaebf503,0.15210031756857062
7fcec9e71dcf18cc,0.06955579828687855
735724a234bf2816,0.12739288703713034
31cdf3e24ce53af5,0.11091800233555385
58b83792be0f6321,0.16433630316576828
2a84a58cf96025f5,0.0412004909177799
9fcedeea63586bf0,0.13244973892785417
d9de7aba8c682fda,0.04287975396595389
08572215a3892815,0.07785298985433603
b488884763d551a2,0.15903885616577237
c30e80405d6e58b2,0.04202211565998179
0c86a250e70f6eb2,0.10305285323955769
a11c15fcf4597f82,0.13124335078619262
2caedcb4ee1a4103,0.24033565061846507
f91d05eaa3df539e,0.10877909887373588
8bba0a98ae140af5,0.15933600711228396
a987e81632676043,0.11396494310011211
f50807d17b5c038f,0.15147539737285515
ee12454070596716,0.1246417194821233
b6e0190c3e5766ef,0.18872167356640962
a57b30735e272a29,0.03962157610874617
ca66fe2ee058013e,0.14142507535913493
1969a8349757d32d,0.11629086232288027
a5bad4f4702eb96b,0.06268599944861294
2f4ee5ef7a9e32ab,0.19795964037352787
abb1f9350d96ed70,0.07203198277843433
8a663152856f606b,0.0479946332549647
5965e2be33eecfc3,0.04265696296057386
75414a1e69d6f205,0.10028949189774183
0d6362f82430762d,0.12489864663763146
cded8976cdbec569,0.12068281216279718
2f21d9cb88d7004a,0.1493273705388237
bd0809d01c93396d,0.18860217350755723
d368fd4152e904a0,0.17097264888413752
7a088b0bef4cb74c,0.06094806212990693
dad9460a25f9913b,0.17507223207271574
50f138449e3fe2e8,0.11514257904645853
53eecae41b9614fd,0.16630369029585512
c88755b5796bc0c9,0.17434199088359084
1b2bf22690f55b23,0.06968822407255469
4c0b6078692f7c89,0.11420197242197963
d310596293c8f04c,0.0968317150476465
3a724ceda4c76f9c,0.03932050157546879
57c2219b4f1a0a5a,0.12772714098767649
6069a9ccdba45516,0.10891838691935499
504a8185dad726d7,0.12199516308775758
c950477e87d58094,0.05655020332701417
9f1e86207b2be555,0.17757807875717216
69051b19215e3e0a,0.09684387329401604
7f70b72d97083c7b,0.12950214939782323
61279ec74a6d3645,0.06019329116211083
4a35368f7daabf53,0.10525632802690249
8730f5f1237b818b,0.02997916485148544
f9492b545b552f5b,0.13082305788645093
a5e99c4117b486a0,0.07915674209433964
c10ccbadcdafc1cc,0.03725527251055351
e0d15a865fdfb988,0.056134832011416086
eb916f460ee1b545,0.10625274602681825
1b7bb61fe350c5ec,0.05325383227619376
03e5516590f20096,0.08381367656596146
18e0a9eb3145a82b,0.05937015470961485
39cab30b8f09a081,0.2230796341290533
dd47b13d3aa2de79,0.04812562613863268
6a431bf1b07deab0,0.16219616050410599
2b0db9b43f8d905b,0.11699655159899498
363b638b117d0e37,0.02989102877122951
87518c28a26f4d41,0.032239525053667964
3e73b6c86098ef20,0.13550150485594772
f7580d024f627389,0.07462876506481261
626946bf85055423,0.05071166850653361
1d4ec81574db910c,0.10752767063297766
eb3384eb6ec0ee10,0.05408679946289084
ba1a0a18164d2ed4,0.059068890910287886
8736a356e18687f9,0.07387331989191542
f66ad6f9a0d13057,0.07561568628331732
6781beeb2a94c80b,0.08663421076201541
45ec50d9e9b762dc,0.047883910062917465
f993d49be31858db,0.10230168309520138
68630d40b3d8c8a7,0.09938786631884203
790d0e863cbc896c,0.05718788823509828
6b9f40e1b5440454,0.04708794428622644
5bd12aaf1d87cfb6,0.11369421891155561
9593f8af8e49622c,0.04958180200474467
7787873ef39eb65f,0.14974374758664952
3b43be2428bd133c,0.08616398252303406
51614174133f7405,0.12389004245899313
90ef1be7933c7d32,0.06263222203006574
b9b0bc5968838ca2,0.06717220128579703
34854ac0b59be9cb,0.1433512576103633
552972fc397a3d7b,0.11297534816276528
538cce811be930f6,0.18731047136299012
3684947575a87995,0.22443202924317035
3458934dca749c27,0.1272891316872345
777593519303d6bc,0.1300255685536507
c998d0d7e544f18a,0.12769477613091568
a23ad55fcdc44126,0.13520992735619886
628f59b52e0f1abb,0.18080108902265385
f55fd4a896009b37,0.0639134419768786
891966bf8125b263,0.0562685927154562
31a036f4acb27daa,0.10796757085524195
b329a2756c4e7e5c,0.036827821319257
4abec7b3aa11b00d,0.08800318951701791
506d7e6eca5fce8a,0.060747274598710294
93767eb66242b1fc,0.1793925300948217
f07f619af08f71e3,0.250014281795253
067779ad870efb29,0.07723268283325735
5772509431f3d5d1,0.12453419019813199
562161d24bca87e5,0.03548369069770384
f3e2eded68a25564,0.0849694163048877
4e9f50f16ba04465,0.05759642272999681
a4208a55db792b95,0.09177742833239497
9540d1c34ce10213,0.07904474229005393
3b047ea1a379c251,0.07220841598001158
90c24520deb11d2d,0.06388801320164328
174bf54853f8e212,0.0865728882224335
e32af9607e1574ac,0.047440105126903165
177d7eaf2ebe4bb3,0.03442994844763282
1d3872dea5918cf8,0.18892985697743347
b6641f418df5107a,0.11090894584300723
7b0a91f0c2754446,0.165549222145818
3074d01b6d512da1,0.09936290472121555
a1ded8ab2ac8cbc3,0.06766218690954107
99d24231acc81bda,0.17100271908923342
ff0efc6b635f0dfe,0.08826602468011123
4b26bc2a5271e828,0.07428722666650922
323cc294321346a4,0.12659097603787264
1c5da1e20342a0bf,0.095709000030967
4f414677966cf8e5,0.09093835269481501
a08962f7cf8ef6ea,0.21800878910437327
e6778d3ce59810c5,0.06217163732928316
944d32b8f9e9db1a,0.2121777697905055
e5c8bee2002b6ca3,0.17229592745427494
fcc9190b336ccdc9,0.055478185519334304
d8c0de2ec20dd583,0.10993211139584942
fb55a45c51379250,0.04241477130759389
d6e81f789123be62,0.07757924852178368
2653ffee6d9f5abd,0.18060571194562622
daf885e44112d6f2,0.12195673973411154
a75fbb195a5c31b4,0.29373811956052037
d6946d6a1e5de8e0,0.07233280003115673
262eea09fa9fdd15,0.04484845365072256
0661f0f9daa76a96,0.1229961422731475
3796742963319893,0.20972301185652817
b7d31b3502739b04,0.11338528784538343
ca3ab2b2441679fe,0.10355507184494574
6ff3c95261a2e60c,0.044443996127203816
296198ef516bccfc,0.034457949735540845
fd7387d23f2c2e12,0.10836416621722918
705f7c9f6f9a1ddb,0.044287596691884173
664080d9a44e09d5,0.04753995859753046
d7bfb116b3f0171e,0.09705860694526634
df7650f2e15b685c,0.11453840093411816
13d553333a49e1fc,0.040170540590845065
d60997f0da2b3161,0.04531744239918266
e3dc5b0748d9d1be,0.30843011114847035
126cc7a3354c3a59,0.049776948382205956
68c831e307f80c40,0.03401216135206583
4c10437c6f1f749e,0.272179794811387
4de56fff18170df4,0.06275911908645958
93ee64e43ea9b0ac,0.12523354852538157
622e27b7a834d371,0.22974202793491225
8283fa9a80b68052,0.06893089916933653
3cbb48910802e9b0,0.15304786553367666
898c4451fed60e39,0.10448704103641399
560b7b7af9fe8dd1,0.11618653770222076
bcc595e893e2a797,0.070499428722974
cb2fa098224a9f0b,0.11757783096936819
9e2a88f835bbb5df,0.1315497954614279
07e1bd9a166bc257,0.1663581075635702
10fdd890be2462d8,0.04593055159723507
34a7adccbdf4dbe6,0.16062240696381297
5dca94f6e13922ed,0.07590211375414296
be032af3265ed2f8,0.2229665707449406
afebc493854ff065,0.035923657406928204
755bf2132b96ea88,0.03918317890778749
11b6872eb913fe4d,0.04021367192565684
5a73131a74b5e6f1,0.06374981824737992
a1445f34ce4c970c,0.1556617879171588
c84303c64f096b4d,0.10634141689525649
ee5a57da13fbcab4,0.1660802911956855
9e237fe51b937f8b,0.08634001770396339
04c0ce452fa54511,0.10174864774651061
e4cc4cfb493c102c,0.13275047285713087
13ec6848e5d8c7ec,0.07184041113903955
8b117511fb3c0bb5,0.17372374122252637
45109a7dafad71a4,0.21520453639569978
be5d51769b283a70,0.15181870727186544
4b049c030fc355f2,0.10930564007428145
e1b125afa19663b9,0.09339532314552366
7f5ee99bec52fb31,0.21671685968753093
0ea477a7bb524c43,0.09416203520137074
b2ef814029a4593b,0.12859914399248568
54642bb90de7c651,0.058160078745871965
5562db51544efda6,0.1005441281751214
8c3fc61ec6b0570c,0.13978628481150135
19990ada3d732a59,0.13090381626938796
d4a097538c2270df,0.10340533851275494
a8e6780d12272bb2,0.140126413009838
0de7c0afdf2ac64d,0.09679009092721137
ec3a682eb391eb7a,0.09479645781351079
de499b3d3aa77620,0.07819725366678928
bb95d7738f26c137,0.08716598040804893
76de6c48fb303a99,0.1578301923778196
f54db052a2c1bf61,0.1674684918061226
d2b45f024d0f9012,0.158066435951046
26693e446f60e43c,0.08331776903767239
00fedb2a014dd220,0.08626409872560617
8b353042d65300c8,0.08308976273884038
90c55b1f3ca98c5b,0.04639987488457437
b874c35d79d74f6c,0.11322651431535091
d482eb847a0a40c6,0.07432213629710094
fc4d3a97478802f1,0.08360958125265996
0a7a2b85838db506,0.04169074738416897
c697f27fe38b040c,0.06333883722951267
a4d2009627d556d9,0.12720403604512384
1c403f2124470ed4,0.05638920436387519
33627e42df750fa3,0.04099928057650805
ba9bd925e360f225,0.09074707387944436
ea28b791d0295ad0,0.10538115421234141
d149d439304c8705,0.041280108806609726
536b709bf5515eeb,0.049063507691037095
88c0a8061e7a3795,0.13901751569451126
8764acb490f19b62,0.06053011170532608
417f76acebadcb48,0.1731196459289639
475869c5be3c507b,0.09752099458290268
3ef8009767c7fa25,0.18993371709118148
b554efed5fb706fa,0.173624391355718
84da50183b024285,0.057203667881052765
a4b1d18f46aa981c,0.04581872085656212
9b47e555a004cdae,0.07129179342491265
ef262814960ff13f,0.1260703386053553
5c0868ac8eafc7f9,0.08152796383682608
db15a0f6f796aefc,0.03685694437646528
9e813d48e7fed678,0.12380445228142437
7e45e93f027eadd9,0.16212428819095218
bba24189518e4411,0.16382132341662659
80cba429bade3fd1,0.039503611532660195
ea2c64045d0a1c12,0.1559949572403876
6eea65bf31a2bde4,0.04505121389085551
986a532aee033e7a,0.063329539723794
d254bc6437766f3e,0.062110601555356124
3c2c4044a5a205b7,0.08587097150978261
d1698b7f7ce2ac63,0.16485804732688322
5615043a1f36b137,0.03595870776269076
fcb9321c88377fa5,0.05900432222419807
885250c55edfcb6f,0.10496974254810461
f48232723a1bd05d,0.23468890111592622
27b4eb77530a112c,0.04622716607039035
98a1669bde0eac7b,0.21666399379701093
c85cfc3341c8708c,0.04761162756534373
8043ae38af9b3ce5,0.13828182177196519
babccd7388fd8c21,0.07764819212291454
28aeae730b623cab,0.05278499985981166
4bf1da87dd838f3f,0.039386547208217756
8da93da167404e45,0.11938364616551535
4a0a3077b5581645,0.10446864043367034
bfa2d19017923568,0.09363319205911798
5f6e00c966c5f59f,0.16590172969886313
52c9dbfce9f1b95b,0.04731272877286288
cdfc3b9f626b0845,0.12921894306426487
5e6ad4f66342dce9,0.1263589243335835
42b0a534c0da50ab,0.057258595591198586
e454a16a94a43530,0.09346393740720992
1b6c9c3629bff42e,0.18732640560851616
3d4ea2f562e04d67,0.04925718180218847
e5e88946dd245e5b,0.1073300272487376
7c08fe11ea59472e,0.1297925756768329
48716b8ef3837856,0.052025204686349524
22cb220fb3d03ef0,0.17400105849140265
ad38c3a4c4f92dd2,0.04792197480769932
439506f46710d418,0.11055422274884352
e6d46d90ae71b635,0.09842245521721828
cc306ba2474886f5,0.04513634321811578
c3dbfacba8b29888,0.05487390646286856
3349746bf536b40c,0.0664337364533723
254dff7f2f5e27da,0.04990022569567458
5f715d9d99d8aef8,0.13730891446912352
28877bba74273a2c,0.04464778697935989
0837f11e1dc53f72,0.17350726192702362
700d9c6e6406ca13,0.14723333096767238
6e0d475eeeff64fb,0.10605368613894171
36ba7c400d24c8ad,0.041492818081502625
8c371f8737f1a2dc,0.44883467388754184
163b4afe1f475ea0,0.19305381255084114
2e2c632a9af9b807,0.19848952374905712
a891091666dc0643,0.14079621263768183
a990b188a8200e9e,0.037586524851075984
e0da7835cc3694da,0.11840745478877407
6965bd28dc460b44,0.04143459460197692
84b4fd2717d4bf2c,0.06021693920173767
0544118474e570be,0.10488267183415113
2437b2d4a2e8ae82,0.2811668629515466
647299fb2ba00e43,0.04388899092881398
7372537f1eba1dab,0.16749678800749843
8854c27e996efd14,0.0878685226832332
380235b034a986da,0.18633046682811827
a2d407f16ff373fe,0.17616019106204167
0ed19a3a868aaa3c,0.07835426227118907
c173b6242dff9b1c,0.08465245317062703
2043889f64f744b8,0.12294488524294028
19989bc6ef928517,0.13490160143503377
d0665c65b0cf8d5d,0.16924136938514828
2b072792e895a81c,0.04677166492204033
c531857150c9674b,0.11632963676461537
bb56bbe97134a4d1,0.05180128267130006
3e062b6117c4918a,0.08448164298103597
a58a4c24d35bd7fa,0.14519368634205457
4ea7721e8c059b2e,0.07283686415035565
32a75809119cf7bc,0.13570646689080995
e4794a0287930fdc,0.0745352203839604
028903129d296567,0.12271551360103122
910a3bc19a45f893,0.1342254570868348
afb4e9017f94d52b,0.04082745017475201
8c75ef81ac907000,0.11252394982995113
de995213b69871cd,0.05835014216614334
593b54413b1695ee,0.12619480836024563
d68b798f72ec2a7b,0.04289035713521105
2abd97afe8848116,0.04666858112660897
b80ebde982296428,0.10878843478956479
dbe8ab13dd1f44f4,0.05120126288505601
db6b5f2104046f55,0.11669858772149894
1f67c146861efa15,0.03681121315774437
38f490199f1306b5,0.06681164836014251
dce69a47bd1feb56,0.07908041163880598
12cd790efb4486a6,0.14891951258612035
d5806dd0784560a5,0.0411969683937731
207f45be2fb83671,0.1508763271302674
848e2c11fd115b35,0.12830892060892554
0f9d093c9db25458,0.11779264949637903
13e9da15ed290868,0.09014946589576643
8c584f6c1538beaa,0.026066006392629855
5fcd3e5896568513,0.19782162985940813
aa1f013ff05a59f3,0.0945169853978588
eb2bbf6f740d132f,0.04210624619763973
51fcfaba58d7f511,0.19457717376767908
abfff37a1f178105,0.18740095827313316
918258103a71c3ab,0.05620631737154677
99beaa8c134356ed,0.13839142387206782
f3d97c979517c08d,0.1329953078337451
577a00d787373595,0.16903423798512965
d71bd663eab2681d,0.14467185422731957
3b59c956b239b3db,0.060180682707858695
9115eeed93f30a1c,0.06696816312551343
3d992bc625e7dad1,0.03926605347207263
4db07f6033192f9b,0.056758120817179555
a58a45e9afd5b405,0.13702822938088885
519774a276bdada6,0.1647939986375927
50bc50ed77a01d75,0.12647440758348324
d608451c67dc5cfb,0.08919108239557175
2856ffa4f0a1ce80,0.1261111765401786
2bdff8f74778c4ea,0.04080678522972124
068acd67c99550cd,0.1342868190527955
6123220972766a4a,0.10557334015009634
c4d534fff3fc5628,0.11876094648901066
9fc3fdf14ea045ac,0.10134873284584338
3f86edfd0be75ecf,0.08223459832977127
c36573a6175092a9,0.14048489123099853
7c4df8c2f29666ee,0.044086471737510256
3c791b72118b74a6,0.10618793762086197
747b04b604c95fc1,0.052958816974272335
e780dca0db5520a5,0.04794437906558302
af83daec6d450e57,0.10080571885238097
5d4ff9f52e2e4f34,0.1319505619364016
b2b8e551d87be54f,0.6611176384775861
203b6e0e0fcaa971,0.11476184675647004
eb36b4336605a7d6,0.09046127922808897
14713adcc060333a,0.11213199648563316
251c0c9a3789eff9,0.15555647262901454
0d0e059449af50d6,0.06725449594809824
63b1850f6f5df5d3,0.07699184464008836
90ace0c383247390,0.04607784715907062
1ba1d1cb2d6d1bb9,0.08144643736180947
dcb2cbe56ba92129,0.04397833336749496
88b8fdeb6d82597c,0.05175514885390342
0ccfe20a4b77ea6e,0.04622407462633801
3482a5b15357f00e,0.0464718572541805
6d71348fed8b9c4f,0.06967222497043975
f8723e3306bf7c43,0.35644534115504356
7ef77b74f9baecb6,0.06216491528083984
bc80f01834269376,0.06938661370081105
18da383af4fa3cb8,0.2258580593390582
b474ff492fb9a94d,0.05048438742858557
d157b8492ffba0dc,0.055115861231376635
cbd2d4eb5123804b,0.13338130784378352
0f9515404031e965,0.06895198877060169
4f1dcb8a1669a31c,0.15820353515722554
28c27ce346a7a7b7,0.17366537632211743
58928eff8cb29089,0.10588063613203065
8069cea0e02052d2,0.04688789149888007
3b583c05db5ea4a6,0.0435373794873685
36384df41240d0c1,0.09465614945913006
15e9a245d6d06a3e,0.17180289706740845
d2dba561c29b817d,0.10673510417929366
2a507f7014709986,0.16864355384307012
a27e43abacf3b1f2,0.19100480741776568
686019b683e849d6,0.1893849274244351
9a3663eadae7822e,0.132766955844112
f4857bb0e0b52a47,0.09021946244513111
29f988f929e638a6,0.05873532603007318
cc08f5318b40d7b5,0.06279092153304822
3aa8c59d9c5dc7ac,0.12294849213375
eeeb124ea0b0d51f,0.0800109466533796
c422bdf822a0dc56,0.14671268663271148
98269904767a2636,0.05843613455999486
e6cbd02151c72662,0.17430612071358056
5e7bd880681d9f61,0.1218339364614024
fbe456da262eaa3b,0.09900056622954834
dfe3e7968ec080ba,0.10961899098922759
0e9ef351ddbc9ab1,0.06717742151964204
2902b3339eeca5e3,0.10202265668096157
a7137a063b883e92,0.12034041784470847
b733ad3dd8899d06,0.07822200700074101
44fe9234ab115e2f,0.2482469223283734
000b03fc8664c7d1,0.04427059252934236
9020a01496eaf633,0.13657435805015458
53b7a21b0f4cc200,0.045070238126272755
20cc306cbb1c6bcc,0.1756888305571144
debcfcb981ae0125,0.048669509903207286
802bd1039c3e6a1b,0.041778493744105104
5f5c21e0b6a4d4a7,0.06715710398579651
4e1d92bfbc009b58,0.1400538988445496
644c03f056f3bf9e,0.16438852352519007
3b4855d86d450661,0.04659551993666464
dbe1c9a9d3e563ac,0.05912428273375564
2fb49e6e63bbe8f6,0.1564831800694506
2347ddad2e1b095f,0.08452387692183388
e315a627d1ca8573,0.16284706356242085
0558a476ace81c15,0.10189694906074014
4426fc96456aa43d,0.1862875951082648
ee5092888f963b26,0.07044224712844885
57886ec9ac1bcba7,0.1813207425788148
69e1947ef1a19192,0.14283936708475073
af29d6fac97c87a3,0.07287088233870392
6952926383750b48,0.09279040356147632
b6e14b919c7ad1f2,0.061454941417117714
8d09ba7da0267580,0.16554980569916578
40e7e13ba421c25f,0.05389475089652898
c3d8677083122b80,0.18435538873748689
e41366313db49145,0.052310277968333735
ed95e31015c5959c,0.1270016480117652
64f0bef89a702494,0.04301240913186328
81918dc774b899ca,0.04197999883584946
dc9dc895fc8368b6,0.10480296901226181
ea0dcc9add9ba8c9,0.11880608489612539
c45a009981cf2faf,0.14804583707048335
ee4eee5c2cad18b3,0.06678676258061723
4b8886ccb99d4b95,0.09100326125250248
a11b7637d21059b0,0.05723413610905009
ae6bfde3685ef5dd,0.04608712658427239
095f96ba3b90f727,0.10887545419313979
c800465fabd83658,0.04645174264947366
c75993f60039bc22,0.11492249522037154
15b2e13c51d54758,0.09705052402642578
cef343af7e936391,0.11224020797104256
bb9e37137f42fad4,0.09100036279952785
b6f54b152f0f2c28,0.10191634545640138
54548a1370ae962d,0.11505320355289975
774675091e96f38e,0.04004702114102382
64db0198c907fdc5,0.04955446531983059
ee3a2eba79a61cd2,0.05957194990753697
d87ea92ca2504e8e,0.19791915297447107
493f68967d2931dd,0.11551945705668316
33c5bd3953cad989,0.0890818334893082
31719675e9834500,0.06158994405624919
283d0d3d8afdcd48,0.14535698200494782
0954b46131527b56,0.044400225168341564
c7f99cdcd74ddfb2,0.16004858466989136
89e81b0750c67025,0.1300538991039331
ef2e114a293d6051,0.056165768974556676
3eaa82eb74b0d2b9,0.2277352095256392
f115b5827c53fdae,0.18834448525893976
5b981d50572234ec,0.09599254599782958
bc2a7ac2fb6ad312,0.1608095036749693
cabb5fa14742de79,0.1764378620818153
9dcd899d3120d04e,0.047158719818704606
5bf75dc153469005,0.13124830774522733
a99c57a3cfd238a9,0.21964127062270503
7d3c73f6e6251236,0.1352106329934067
79c824cab095ef0e,0.0973660430991257
50457f03b19ce000,0.14959235674848675
72ea29c850f97747,0.09492357329217212
949aabf35ccb0c4c,0.12236563181345156
bd3b7b9b5cc3a346,0.10389016800848984
581ae7bcf533000a,0.053372045303289546
f944b728b8eb9aac,0.10960724065481467
6add937f4476df2c,0.13052023238234625
478be273b158fbf1,0.043259024441347854
43c1856ef31d1073,0.17983909894793548
8f97466fd3810c1f,0.06602164974573678
3ae22b8a964781ec,0.11161976943298488
82ba55bfceb0ffbd,0.0930643260259184
5966bfc14b304d05,0.09559897928252928
eedd90867e3cd9d4,0.03255500904280404
99db9ab5fdf84102,0.04092793935860768
6c6761878fa11c78,0.11769707528456703
731bd2e8496a9b0e,0.04725089147972479
9f1fd83e49b82f88,0.2143166487830352
51a2cc12286941ac,0.26255237155336925
7b60067efe8e7c4a,0.19377187012290534
7ba8d7a5a2f30106,0.18894837037366974
677aebcf5c57a29d,0.0908677636737081
c2e6810f10057ffc,0.10486626365571423
f770bf49e8b32f7d,0.13543184325237442
d999d97cecc80f08,0.14149684179680153
225695249568ef3d,0.19318163882188422
64c347ce204607a2,0.1512388338598407
8b972fc1665f8aff,0.05846468340336371
fd3a180f558ad235,0.13309214375700978
f24ea2f162b99780,0.15249655378500257
71edcfb193fa3be3,0.1654439940509058
4507c7c846e862ed,0.07201525710184059
ac51d145f495fdf8,0.11148789305542602
3ab5c54552e9add3,0.15218969210936234
0e545a1fa4aecf83,0.04845280044079472
19eb7f93e53f33d0,0.08086458420931235
f4653f53352a740c,0.11274462672087456
c716d718820e66c0,0.05902536960843324
a8a2778b42759e84,0.14167877149731084
d632ca08f997e38d,0.04572463474388144
47c56ea6034205ca,0.047569559541871316
f436395245784b88,0.20099450886930043
ddb7078278325022,0.06367284516526113
1c24525f31c1953f,0.15293980448743363
7c7e6ee56d6ea5c1,0.18446857992434493
0e67b9cedd55f492,0.06228327683451987
a585afa6cc802221,0.06411454327908293
132bdb2d81abf434,0.13680970628760367
cdafcf3dcd774b36,0.13103787060631747
5694f780d2c8e463,0.03934063638911468
317ba4057a04aa16,0.16710391030151864
a92ae25f2defd1f4,0.12041421374177845
ff0073be9d8669a3,0.19819981233269826
2c4d6fd16e7da4d0,0.11420879053462052
e8b93ecfcfcf69bf,0.1046911814891166
aecdf632644c9922,0.1476586265823086
0f4ac8759cecccb4,0.03731219473168564
ae0ed79b3f56091e,0.11737922858509431
492dcb545fd160e3,0.0847149624111725
b6feaae9a6963540,0.07820658138401665
10bc80bca38b6418,0.08711171970432323
d8bf52f15b58b474,0.04891085491872553
d590d13d8a0daf0a,0.11747780995202932
bafce96906ba0c73,0.07201189095586792
15a89b9d9a174795,0.09245121996816377
3c895a00e202bc6e,0.15754390384337053
62100baf87d531c1,0.13811706367561885
8ea52f2642c87cd9,0.08584388478356768
78bf3db367f46ea8,0.21176069173866333
7303626be6419b04,0.13335244664269738
86f2e3f9f88bf00e,0.1795984482919768
39921131b7d48cf3,0.16199613557259032
7c06255c489ce455,0.21680333171970442
2a0f68fcd60099b6,0.1513409503862716
968f899504b28211,0.1255701199293561
98dd9df8fdcb29f4,0.0945099580026331
ed55728c47c8b666,0.049746667922955005
0e54abd540000681,0.2060859203912663
2687ae2ad26c6497,0.1477118157272071
afe3e3f4edc8f7b7,0.09021327239548411
3d8ff2a3976b69b9,0.13755071534675
13e6deb5f77cd1f5,0.11140567717024535
8c8711be796262dc,0.07460667355803823
8eb1ab06839664b5,0.08443687906418555
dbd58b32bf776c26,0.053064622071881645
4be0c2fba004271c,0.12617102860314333
a0f6b49ec1b86bc1,0.19242625997762394
3b33e5fb16341fe1,0.12648684384326075
d39f326ae61cb937,0.03657581733267873
00e28c2a11d38c61,0.14977898973614437
a55c74a9759fd56a,0.04344025755662421
8bfd04b0788122e2,0.4319917927524028
895776a9cf9c8d43,0.09681295240672218
7ff187535e206416,0.25963174119824667
b2d991e4147a68e0,0.04493241251094804
b62ae246269c58c4,0.18098574190781477
b8af731f19b5c84d,0.031057298881543568
19f5143484b38101,0.12611580354673052
982f6a3f1bccc6d4,0.06388195000137085
2cdfb20347feec4e,0.17841272008236536
5b2d62e736467c16,0.08202685076741859
f85bf07959deae92,0.05776112043751861
8e923fa1dedcd01b,0.09742105968268154
93b3dea6a99fe31a,0.09059780762844032
8bc3af23b3d5ba85,0.0656595122160741
91db39152bd6ad50,0.24333596414426323
d911a9c74b505826,0.14129356372158422
0e53e628826772d6,0.058239476956633084
14d7b607e5e3f0cc,0.075536229418353
f3e8e3469f0aab7b,0.04999808656397184
b9c36eb092bb275d,0.11809862219079044
9cff3e265921dfed,0.15404170366817815
585bc81acbe5b1ec,0.04307630812540749
15f8e68c7ac23dec,0.0802241535295594
a37b05bbb09f8496,0.18731861158751253
4f31f80a263d61dd,0.04985865686103144
6a3987a9bab31c44,0.04271311756633131
9f59a5ca5ae6d119,0.08826945416064214
afc6cb824b3596c7,0.03953753162995477
64dcbe6f4ac8de61,0.21914033168756694
1fcaa5c3533f63ca,0.07778476904191997
a266793e0c2619d2,0.13550835148987259
598af3378495839d,0.09233758589258366
b40ecfcda1506387,0.05425687810018454
22537a4c1f1cb22f,0.061186548174951956
8c5b78cda30c225e,0.11489725632315603
3239189122d043fe,0.08452462144220349
4b34859a41dd8627,0.07650369997264206
7577c8941b2e888b,0.040331579910459284
8ef15229dd291883,0.039731820814137564
3332780ef14cd99b,0.13207236049967896
f93d1a6ecd62d897,0.10839256531979408
9505f55ac00dbadb,0.17695724000303745
7c1831bf48bd728b,0.03294582463698578
17cf81ec2dede54e,0.15344024082811716
e84c6f3155ec9762,0.350006996863493
e894ec9e0ac2e7a5,0.18329938866867684
c307472500eaf782,0.16524133892735668
96de47679c4cb6b6,0.059125818489660906
e0dd44e7040c3168,0.10248119079805175
bd9e6bd2fcf5a54e,0.13253142262228684
0382e0d155285962,0.09869172336501096
509eccae9abde09a,0.16210420452949725
f2147e0be04acf5c,0.13556677017109384
f3a6b01cc0938196,0.15098214106215296
c1956069b7309004,0.06881578696979508
2292dd5e617286e5,0.12201289381359016
3644d81639ce9f29,0.17528349122768858
4a5bf3e5c85dbfe9,0.049260732322497544
095a4f241c64795f,0.18948354215875624
aa45545b6df75be3,0.13047959821143137
ffda21a7e2973492,0.12743116844143623
662adc1ed3e8fd43,0.09978042546303847
218ae6cc5968ab6e,0.20913316984330715
316379f30810e1c6,0.0978168810744712
eef8a37b8fe20ec4,0.2722511441378068
d9a0aead3407db9e,0.12930356840931498
f0c65e7320950a84,0.14122806581600134
4625132a59dcda74,0.22493928062965282
ab1c8b0c3967b656,0.2219794585188928
f00224def382933b,0.11390320500911374
090051f10ebcb768,0.0847840085053453
2a0c37f157e82f1b,0.13917454779011812
61914ca3afe42c15,0.06135864046123866
a9fc0e9ff5b0e706,0.04910150998486208
f548f7ed3074067e,0.07799745077713958
9aec70578372daed,0.049713292079779675
fbb0734a4e985290,0.05040893963387234
a8cd11786e7fe2b1,0.09928634098701948
6a4338f210f336ad,0.07180014744301699
cdb63c81014bd072,0.08128225526301944
2c5a98b60450efca,0.08782311337228509
2337a75838293036,0.04804747598496594
a0ed386ea018cce6,0.11007565116540072
db76609f02b3bb31,0.12678756600750665
597bd387a63987b9,0.19045013724857984
bc7571c47a54ce9b,0.08098487103490415
547510d3ce221301,0.1248139243958161
8e84181f60b3ec91,0.08386287664613366
13880ba898b8f597,0.25134146567902993
9ee1fb0201512e8b,0.18798302298346956
48aefa3d80da5764,0.08414418788085525
498d517a667856a7,0.10804874391989915
f07b0e35881505f2,0.06406393465357782
1df225f3addcce26,0.03864544676357402
84a772cbe6d216a1,0.07721946448564238
f0e4a70f82f01004,0.11901318932183988
3b639af3777f4c39,0.036175685332149536
b9f77a4295400abe,0.03957702228175946
7d646e2fd78953af,0.03941364455605003
4127b246e0beff6c,0.045706271842417726
2321d1fdb21c809d,0.06493089284794655
9936f8d7184f5e10,0.03989126016688986
e2e9ef0520d08656,0.050876451144693254
0aa9b948dc8766c5,0.05223388344101712
d96df85b5160b1a8,0.06210348980020418
3bef9584524abbef,0.13494913683021062
806989faeae50571,0.03840747447999828
6fedd263e1290110,0.14211862546172485
5762314e60a560e2,0.21812763994274603
748cd550549c514c,0.10038017431350435
58a8e997e2757de6,0.03701342694031036
c13887db4b2ded8d,0.13648603136247148
eba0106899e8fdf1,0.16866912592836153
a947c7f89cb176bf,0.2152970073649035
4ac4a17692a2a70b,0.03882714331678566
2fa4409e1b6a3d85,0.18018313175065553
a783eca691369f3a,0.1010085273026595
e6e45dc137aa0511,0.03735994544646548
c589fb4e517e579b,0.10810604270393423
0535f48557a68402,0.13669631603754734
48e423add1624f2d,0.14167775101694915
d20110b1a6f20e55,0.04630623168915028
739f7cc76c78d0bb,0.16893707251324025
2d439083c11f62ae,0.13956845746426938
0c74bc780e465296,0.05561899540709149
52294576789c8ec1,0.12286318534842179
99b2421c51d37084,0.04766439666048362
de49e465a4c970c4,0.24148073293223682
4c88fb93b8d12270,0.042827142842561186
dcce15e3b59d9796,0.04968263443843812
b8e0e09067432f1c,0.19327562735179102
962f882f18c11d46,0.07455499697997174
34753ee28116af4d,0.1265251452231738
7c71a6fe87ccd6e2,0.0467603459267947
7ff97e6a175132ea,0.1076668849902015
d84022bd67943384,0.12798165530888184
c270a677c7614aa6,0.08612652336650635
1266e1b58e87a761,0.13633202466633484
9fc631524aa3372e,0.05798291802108565
88da969d80daabce,0.14589094535785974
9c5cf1807334358b,0.07438063695548547
0e5706f9560fdbf7,0.07474173879111885
d9db7cf658a35e31,0.1720707001732577
38bb0629e63b6590,0.15351044514382584
726236f75c9de724,0.12234542052949662
47ff559912cb3714,0.06096078293623763
bd567ce69cb8cb62,0.058303284740265804
6b7338c16e1db627,0.04121357439317467
2e47f13eecf939c0,0.07955909301019358
7e001225afcdc58c,0.14246619539017452
b0ba287dc9f94b2c,0.13496994932797188
07be300260466f0d,0.04599769837947174
49e2abe2ca234745,0.1675209371128939
bf163922b4b12745,0.16787995761401076
aef9d385e9ff8518,0.17431052319847756
3e364e82bc780650,0.20892539369761848
393a9aece2867c5d,0.08859351045123673
b0519105b55d4bc5,0.15053735491340703
c5a4b1418dc4e412,0.12968671487136943
ae000e40b4cdbc49,0.0667591819859048
bdb4932474ae13dc,0.18613761168521523
54ab20f1339d0955,0.07468786805517605
bb6cce3b0b6744fe,0.056291085808636065
0d04ac4d48d1e700,0.2224989677163885
6e3f51731aaa2c77,0.09383326374168174
783b7b163b234e5e,0.14125344806137988
bb6501e8f6ab95a2,0.0495419836057161
e5f20b7a540b7472,0.0829451859522109
726e2ec81830f724,0.2338819811323664
e8dc50204900e975,0.04711641993456283
1334006b9c4f4ffd,0.18959946997954097
3553330b5c7e6092,0.1197055991950269
e1a3e161c8b2e221,0.08566903887150112
44e747740cb4260b,0.0374581144655736
00202304b4481207,0.1546217310495453
931eab5e85d6e3fc,0.047485248346803205
e4b8ca3da3eff8e6,0.07075644878156197
103e5a44f9c30ed7,0.09438646855018076
448d40536e9c5670,0.08641707081922224
1b4d4b42760e781e,0.22899976982060827
e0b110d4f6844bbb,0.1338550930261149
0d928dd7f13b92dc,0.1287604525722231
1bf6e2dae324cf0e,0.11706994868362186
b2a17e2a9337f111,0.2322629470000399
564d7ef8fb681d94,0.07316047147525565
a2088d882fb6d77d,0.18727663235073036
3fe22caa380445a9,0.11905234609144265
2b3c171024a98155,0.2424114600070383
2014d23cd7792183,0.13736664129502438
fc996643d63f02d7,0.06014858053160918
c8d5c605e447f4fd,0.08974819918299042
634298df42266b22,0.06200867890054606
5c8cbaf8b4d39f57,0.21745862467660473
a688ddfeb76eb78c,0.18920595409108873
85a12cd29f47007e,0.051683873677426106
a5e1a3f8e312e1a0,0.04012778119738452
29e076c93c2b7fab,0.1674036294644298
71b7b90e9a0b70ae,0.14069531116828768
11583aaab15330e4,0.033455097587736835
5b34705855c1c880,0.08988054223628471
26361ce2a06897d2,0.058935807479140255
2be888bcb74be336,0.0747649397506507
fd96abe884c43d6c,0.16731331320506798
165fc0b6a160dbd9,0.20558084812921384
b8c8c114a79ff453,0.048227826762674834
e22746fcf084642c,0.04089147260555568
3fc60942cef4b9f8,0.16572613872762335
c78a85aab85debf8,0.11286180847528902
9c2166227724c80c,0.04548397247177812
e0291b12205c2c68,0.17089346092562574
307b5de4b89748c8,0.037294492299516695
b83469a7d7ed138a,0.1592555641800471
4726c5e084cb6f1c,0.12710103398581005
33795c308f648269,0.25424186483793687
d44b56532551df1f,0.15348801340346385
7db689f550f62666,0.08644919074236862
c64b1df6de24f982,0.050664274087442895
d9685a6aeee511e7,0.06198215485152472
2c867c13048a2311,0.17787401409177905
b3f36f5f67857959,0.08535775697430546
c8dbafacc0fb77d3,0.11305408900602998
3a1b2137777bcba5,0.04293391444407795
c9627e77fcbdd360,0.13451225554877674
cf4f6641c91382ed,0.09380271726391917
fb519c3fdb753245,0.20033861970960146
035449e62c90677f,0.1079742891310573
5201d1bc5a7cf0ef,0.1091298990675091
01ef09b451cbddb0,0.09176922867736638
b98e367af7c0158c,0.04161796879759243
bec6844244ad0aa4,0.10626142341892691
ed82262b135c6e4f,0.1595489707750342
67637bf7061cb7b0,0.04560477236502707
96ef8b85b60392d5,0.17827659469364504
fc1b0a61b9dd082c,0.17486005156751752
c408b4beae948cc1,0.07500391906133062
f26323206d284ed1,0.11187104298368022
9214caa6c1a0dc02,0.06199041875821211
591a28a3c195b6f1,0.15935096579467084
9cd8a8ffb7a9e96e,0.04326768033307101
7ce580a49450111c,0.060099157161883826
abccd8c43775abd4,0.05192836723534697
5c6acd44464d3db3,0.20760297108581494
b0e58b3d4a2a773c,0.20684724169410731
eff75fe4ffdcb49f,0.17386358253265155
06ac1908fb89960e,0.1587395974046689
6e61df7259588c80,0.24655733739333385
87752778bf4206ba,0.12392312214751816
2fecec0b55303222,0.07422894559886983
d57c0fad9eabe24a,0.16313369761717547
93cc7546b8c345e6,0.21810577046740628
eb76de6938c4c38e,0.11852397678776999
0e733a579e63472e,0.06548201802241183
e7dff8305acefcd5,0.06321393979201853
23423479e34fc441,0.18734508398652666
3f66f582c2bdc24a,0.08694774327705661
d312e4d7fce5fa01,0.1203180571394219
c04cd9fa54077b8e,0.06919076070075217
04b68ab2f6458e33,0.09058331578481957
35665b0fc6847811,0.13491031721178176
9028f284365c7863,0.08754176491897399
fa23926a88284b39,0.23000727015244532
ff5e27f506ba1ffc,0.12969170000056404
e6a04e92205e9e33,0.1496591971796665
934c2e26775faaec,0.04579153974440855
35403697fd72709d,0.09410348096223928
fdc814fd85f237e4,0.14491961354306912
bf4ee2f20859884d,0.05859718169225788
d2d10af48a354c4a,0.08833487454900454
a38e463e1b086d42,0.15360545597976538
ba49ce0117002110,0.09033950095407743
d5393f1776772d2b,0.0989197721456302
80a6b6e9f65aa3ae,0.11103470821003139
d84698a77b768899,0.04116265458795153
8d09ae0709d01465,0.17706009803076242
0ac53b64e16a0efa,0.2840358481003167
a632a91a07ac8406,0.1340234708939416
1f2437c787ad39e6,0.1732360140975408
beb116a0a3ad4f5d,0.15592669549157892
c38f343ecf8e9527,0.06663292420673628
d04bd8d61ac99c5e,0.06867299390123804
6a279faa81d0684e,0.08865777549898629
1b49b1154407ea05,0.1054387873886227
b71746f211be0a24,0.03498998002905824
bbe0b7fa6d60f17d,0.1763276066494693
c9117e785fa1cd68,0.04516871152772331
a700a6b3a689a18f,0.07975341397517771
d998a004d828aadf,0.1694940470632305
54cfb8bb56897eb5,0.1564903722046835
bafd504785d302a8,0.2106509288234082
3f45db97b95a3352,0.06616022590637982
2364a75ca729f899,0.1823527806162051
9387acf4770f549f,0.1506155100680622
a434422326289b00,0.03651444567483234
8bbcd05afad8573e,0.21379507669821085
82fc48f10b8d7cc9,0.056194131955314294
65dd24b31c0c4067,0.11870826713020985
b25ccb8b682acbeb,0.1265273416467425
291117008b4408ee,0.11691090238691379
aae3422dfbb55bf7,0.09941150882693979
d436224afb38b7e2,0.09670085848024293
1287c0ffa2f14635,0.0818351464177613
4feb7edca163def2,0.1696649555556944
00df2416e72cdbc8,0.06498338392748003
e51c757048ea36b0,0.05125955969491828
59e45992c3fccfa8,0.1587534797184331
7b44475e4e2e3b92,0.15321432302992583
be457ea8112e2391,0.11712197644867169
1e4fd1293a611d2f,0.1454141279989692
343371989bd61c74,0.13615060095663833
6bb985812e990044,0.07282932791243954
c0be9996bfb5270b,0.07884929077734744
bb367ec1a239b8c8,0.11604438990345263
91fc9ee0920431a2,0.047691630850441966
82f2985fe6157914,0.06178675438295336
eaad7a9709bacd50,0.11102780346816314
1bb729bdda8eab4b,0.04364159180912843
35320f198f2157d7,0.05082374281846168
74cd9018fd2aa194,0.09298916228032007
fd091b5e49f8138b,0.11070018451789737
917e088d530b042e,0.17542498825467215
b0e606a7344aea7b,0.12667366452964848
c220230ca6b46d2e,0.09510450175638695
2174f0850e20c2b1,0.04281226495831076
3bfea4a031f46e50,0.05008503244785464
22199945c8b6f01d,0.1589442577377394
efd4e993a8d94f5e,0.09160271778145758
acad3b0b2e72b212,0.11307592752574011
1a33438ea9b6ba09,0.09663699074769938
c9a22295bdb2b49c,0.23121292680951377
0a24b5a0c164f36d,0.08800501161204355
12b662eae7ad89fd,0.08073360579259448
788a4a1a340ccebd,0.17750241455229693
0b6ebec97e53c571,0.08535987424648515
be4269de80d8b34b,0.2303300022714016
ae99dff2a596c7fd,0.15633031953868826
1cc563af87248566,0.14179660739630268
95b03e2a8add3a08,0.08772869489923696
bde7f9ddcf827170,0.04979670165274657
e24c4af855561b6d,0.0848234835023106
a1ef8a44aeab6af5,0.2679020576689458
2bf2e0d5f713e9ea,0.037759114743784586
6585c55605f3d692,0.1416860886935236
4a44bfcf3c8bea26,0.04071994598027946
78a21d5aa40bf4bd,0.07865684034998048
d208a68d90d83d1b,0.09673287849480874
fabf07be02cadf0d,0.1580773044092286
3fc8a4ec51114a77,0.13866327892836416
d8da2f9a640f4e03,0.12262208370320715
f7a8212a941af65b,0.02660124415934272
836c933a5cb4ecbc,0.1470581009779352
e292f252eebf817f,0.11051153285689601
ae7e8b931e0ade53,0.17971511214341881
c937062a293ea0e5,0.0945150730678201
673793020f42eaf0,0.05143603875174429
531a753aa5a10879,0.06147187641338942
65613b893147c771,0.1392083700066428
a3609d34533ca6b4,0.12307937075488776
c9eecf5329211123,0.3021630046681183
4e6d4f733588a212,0.14502521960673664
95e0d5ddca2118d4,0.2807763111804506
4b071534952c920b,0.08781181447722415
f333221664eda263,0.06501276239982176
8627e41026f74eaa,0.1388704099561515
789f4695cdd6a417,0.107535997432058
908034eabc372b99,0.06472411895610182
984bfa387795ef76,0.15607712400391752
91c8e8e6f637fb1f,0.12525043554249476
363aeba9c072e960,0.1625309701185095
5cd6915b98d723ff,0.10717809822378982
20f027368dbc60fa,0.04411770317830131
a58841827e8017bb,0.07419108992950127
ad9e6a299aee4827,0.11406922250819959
fad46bf569ac7443,0.09651731314413231
0bdec115af64e996,0.11516019270751038
e78e15a02aa6163b,0.26400605981578623
94c1b40d53f1c78b,0.09772639110486951
c1dee5b6d55fd7c1,0.20258495839686172
502f0c8494138feb,0.036796770938913426
316c5e9c86bbb645,0.060094976625232874
c5624991cdcf670d,0.06984197839574914
e000077bf8c8b49b,0.12044505589446641
9a36d5ad49081233,0.04397231767598553
e4ac16a92daba7e8,0.13188416689291543
caf1ce5141ffb34e,0.03842696657300638
d07bf091bf998e0c,0.10977440484927851
f230be64e9f003ae,0.16790072099348088
fcfe55e0768ab257,0.058181679572712135
ad04ef9c94f25ea7,0.05904592207057199
b6c3dc163008115f,0.0737603347065864
2a0af6ff3489e003,0.09359212569786445
5c098958dc2a26c1,0.04541773757213008
a802f6f7cd6d7b2d,0.09191830968507496
f0897866ed523f60,0.17947425519752966
3c1071f1773cc7f2,0.032510095616520684
5fb77ed43c58e517,0.059005086270523116
3fbcf72648af3500,0.0764280779602916
64964fe3e34849fb,0.06715941133994437
3d3b19b2da76dc78,0.15125030835672026
69eb4e47c0f3104f,0.12371555880162032
1b55daf09e9f129f,0.08688424840790801
853fa0b67eda4e6c,0.05379635527690732
636b3bfe96c8c67a,0.06853372435107982
51b24fbdde490535,0.06195480378721148
b80f84359d81c98d,0.1401042551404418
a865666aeb2b82d1,0.03977127361680034
08fd3d5f06273089,0.03750041435129562
cdac52f8c24b9616,0.17610694385618217
bdc841da585c4a1d,0.17606669049197252
8858154c3efe65ff,0.11236553492577292
29f989d45429b9ee,0.12958043819311324
b97dff4909968aa8,0.040620935449115395
69c86328a89e4898,0.048647447372848054
2d50759601edb9c3,0.15163328521509933
134be78ce02d48e1,0.11636798117502158
53b540f7c8d16cfe,0.0374317939120095
76d2e83b30cca3f9,0.0851496440885347
062167d4ccf76346,0.1756583507896744
84cc2a48661e807d,0.0542446443841463
60f1e251520005f8,0.12228966126587158
781115a32396b4cb,0.06916233201198622
4c1e17c82f4cc326,0.17330654641879017
b602ad5debd51028,0.1334373385553643
4d9da053a872a970,0.13623402108497548
95f7ebe4304bd2e4,0.21627822656138543
67a8207cfef9f011,0.32755620723346157
b1c3468185b9514e,0.13635796792117807
f80ccd7ace26ae4d,0.4121439373884669
3ac147039aaf4499,0.058938532759073896
fe5cd175ea7fc09b,0.04984001134599089
9026d2936cf2bda8,0.1512881467394237
a4b0e01784fc7cf8,0.15872201175020348
43c462b48d97dd20,0.1392901359113721
e36d0189d20a7617,0.07950654221672004
43c3586991f4b403,0.0673635010478357
009e48f2b32be557,0.04121197713917501
a1689ef168f2f333,0.18469664139319383
dc310fc66470ab07,0.10191915112529414
bc654d187751fe04,0.10555639853382953
247e62af046a99a5,0.09756970034376722
48f2f9556bb2ad1c,0.11095340498811528
e604b921624a200f,0.16627207491599197
e46765e152f7daef,0.1259663701493694
3d183f0c812b6d09,0.1298308433446331
3a7275f9aeda8305,0.03833530037458727
1d994aeb47ff952e,0.05634439702201853
75dd9cd1bcd35d05,0.04116792010548429
a976b4932381b300,0.035379509691243434
da2e39ced8c0afd6,0.050016441294885736
c77fd47bb1683f58,0.14930782597127748
ceeddee046f39ae0,0.0427740149080947
cc50dd12d1f23bac,0.10293554763506019
8b73f447d60fc992,0.11549060444494395
dba1029662f0c412,0.0937157990766464
ab65e0876504bba1,0.14236631538605274
00754e6b5a7298f1,0.05596950528544459
082f192c053e5283,0.048381221368503965
4cee8c7c13d1afe2,0.10365452421940374
9ea9e3c8cb3df9aa,0.06318568888583477
2caa75dd78c01d17,0.2024352031330149
42ca39ab5466bd19,0.2079578628770163
939ed128e268f834,0.0542718120318366
e452cd65ed19c900,0.14939798329072312
e5ee2d79d0c49d1d,0.21581086323846863
ce0d423deb82f2f5,0.053081389736850546
3c30319ed1684972,0.1268687963359456
18968bda98628242,0.1562890317858674
9566631a173d48de,0.16821780583885054
01d78d3ab164da20,0.06112034660653707
7245800926a4112f,0.11902230089088982
3fffc62471c1f18a,0.1958023945491154
3b530b29e9f5617f,0.12953602842903025
65305594301ba50f,0.1591896577561511
593ee003a4981c15,0.0981006831818763
f79985b30220adb1,0.11604517250260873
60dd8dcd3a1d1839,0.16882254422246945
288aaae44688b015,0.14550453431104063
8a16369cb4554d3e,0.07358685743736257
4e49cf49f79e1181,0.18454980370630017
1a6026c94f49058a,0.07381314001616365
8c29813aa363f889,0.1112570340086457
5fcc5826d5f8db34,0.13577983130340834
b002c58138c724fb,0.05153577881323141
62a918db11ef3076,0.24377817395136991
8fb91f382ae2782d,0.22823700838013425
af730eb0035cf0d3,0.17955775476718147
546fef357d2bcd57,0.17890502331544783
c6129c4b99d7f4c6,0.1264638411531237
7596069ac38eadb8,0.08271050279271891
9560c8310cf23dab,0.037490402638034784
ca1acdabe94e042f,0.13000394433164658
521f9d2193473fd0,0.07838228778664778
617eda3b96abb577,0.08248837756915797
8d735b59dd0a4270,0.19374486092973203
1b405139fc287a40,0.07085633785516805
e621733719a2d775,0.1627135769809353
95f4b0d76e779b43,0.13961246393869675
bd6a23cab176ffec,0.04441039265485916
3c5fadc2c957c7ce,0.17943591208769574
37cae1b2dd3c1330,0.11543831884364716
0fc2ffbd9370b121,0.1106268365520596
b31de0d8e304eeab,0.1495308082223299
5738bf5ea59fcb0a,0.13821594244283336
402c7edae37bcf39,0.13187843304029606
1d79e32040c6b05f,0.22814223863520783
bf493f6f4a48b2ff,0.04796851658824234
8530681352913ce0,0.04325792355917975
c79cb0e184ac42c1,0.06719159567174149
32ecd92eb352979d,0.15031146340479856
c9a54261284070bb,0.045968982704355586
e6c2ba81e397e33d,0.06714808875857782
955bdf4fc9420404,0.077334860301175
b180a78e50608ab9,0.13254034214398397
69484ff0bdf4b104,0.13563611743246937
8d62a01ddfa11fe9,0.1689304906545911
12c3df9b72ef96e5,0.0542783239154745
12ccc513557a0656,0.09388859156766168
2aaa9bc35f4acee2,0.30217276039697266
e31d14248a98a72e,0.14261960914478927
1058c1f47fca2b81,0.0717178674061024
02ab14036929f70f,0.09977563876546634
6880fd1518aecd04,0.0955052819768332
580068eee74ae5d6,0.03922916746903837
fedf1e1bd320672b,0.0804327855831291
d47c1d43f9dbdf92,0.07527506406530766
8a7fa6c84cb2b0fe,0.10615578430936297
089bead0dc0d7c16,0.12099950325803413
3f12eac5d776ac9b,0.0849204326908617
2b55254bb421a326,0.1143120632242171
16721efb42f49e40,0.1790404137328248
87ada6cbd040d527,0.12322206568963007
c5c4d8e14015f4e3,0.121958421897887
5d499b0e085f025c,0.1600932989709355
183039182079fa48,0.16860557445886773
05d6c8a5d3db19c4,0.19293578548953885
4477fb4e0a476ae4,0.1351979635547274
3965182266dda565,0.10219167818406823
72bafef29554438a,0.11674559124352263
1b31f23c3e55dcb7,0.1489666807691207
66c42c9008125f10,0.12730343952491874
5bf14b82c919f706,0.10369124196757179
2c7401c2798c92bd,0.08256117623029004
4adf517216b1dd47,0.04394394370034
26348c70727fc713,0.19210759733516702
82c1c6b9b0ad498d,0.12062106167245823
1365ca92c2e04031,0.06388121280237055
9edbc98e397ab4c2,0.08918502871334479
1059c066d6e0626d,0.03935050240749953
af993cc3ac374b83,0.06505509632878685
f32194afe634dbba,0.14930112644759747
29de97ac80feb956,0.12188187426085938
e5fb185d8c6181d7,0.08881322026663832
632347c0452d889a,0.1794655806223086
35ad7b818afa2cc9,0.1920022338860948
0e9b47d072e9f5d9,0.10939606870192325
4b2ee7a5a4d7d797,0.13045930402021189
793b579534d59c3e,0.09185505558616293
3b23c46e8aebaa25,0.13621640370199084
f68b741461469ae2,0.037489562759770376
79e144db8265864c,0.0403774382397112
09c4fd90bed2d748,0.15321276410099632
2215efb176105acd,0.14527066009102388
b4a9877c6c234878,0.1030380692823117
529f75ff399c033b,0.16258732669318252
ad20741d26dac628,0.21729941608136913
abee4fe9fcb49deb,0.05163517842527676
80bf7ea1dfa6b569,0.13761880549230252
7d637676608f51cb,0.05988261489585401
79855154621f663c,0.04691821543075363
db630a696b94324c,0.09818851567755889
2c87f55f1bd853bf,0.048354189944448955
05466a89f589fe04,0.3315047408646175
073f9b06f7bf95f5,0.04972916345776472
d8c52af1d9a0ab94,0.05100977540905517
170df691b9758d76,0.13041427898011065
098c223fa7ac1f73,0.11716204779375186
947d4f80370f0b58,0.07991560541708778
66196fa0af9abe3f,0.14678907238804068
356513b3059ae50f,0.13642001208240045
a951ca23d4bdcc33,0.1360371119470491
defaffd4e20a4c47,0.056338390522023524
9aeb8ce75c56fcce,0.048841369367995456
0e52e6d570d8f008,0.04616411903818764
d177a330dadb2707,0.043938821360116426
4acf903d98d08aa8,0.24743904965485047
673bd4205f6635b8,0.14469792283727
17b635201a20862b,0.11209027449901182
e31cdafcb4337eef,0.051193234545595954
2f57ad23a2ad21f5,0.1504717844755778
8c76f3fa81c149a4,0.08668423983264573
7448092b980edcbb,0.14349703620530552
cc3891e28dd031fb,0.05128385099248838
05d416ef906cddf6,0.050830944988775606
d5cdb3c4f4965afa,0.059469612935577024
bc40575e98475699,0.04235708404219548
7227a9d91f309e1e,0.08837727029687507
f83295ed727a429c,0.05394897361249931
44f16ce1d7899c02,0.04811235035742727
219b4d22a5bcceb7,0.04501257681994744
5684d434bf545e82,0.051191130544635546
03d5ff6b9db6a1ce,0.11257981137511044
c402ad00c62dd803,0.06359653199444906
d384f2bb50d7321e,0.13529583088124136
865ca8dbe8ae9927,0.09801703989783236
0cfaded78f4c55c4,0.1502359996170715
c1f9c03f1f673cb2,0.16615249574764485
80784aef1b00a337,0.15173393329647938
2cc7c6c16592cbf5,0.07513079769477574
f816697d9e23576b,0.08174358604600253
e0a3063ee410875f,0.0739619948782137
187c083474d62911,0.09145944012003372
32fe8606c8a5cb67,0.17087713226404033
e3b603a450f69271,0.0647796505216666
13ea25fe500d74e1,0.0997019113813957
3465f2b92e5411a4,0.0457622329837867
f84c04deab8f0a53,0.1720494532169266
ce64b825ce5f48e0,0.04545596056827147
a03d161faa6231d7,0.04793804018401869
7b73399454d06d9d,0.04612466374893401
726ce1fc6c05064c,0.12484414936001233
0e660e2441745329,0.12465512178847171
d4373d25e109dcb5,0.201955163288765
6c8ad2f1018079fb,0.038942173670521336
485cc002fda9b938,0.04230808669400718
840b1b00c51f87cb,0.03376034937904653
e7c9e19e247f843b,0.10423776929187284
4f97589fa05c40f1,0.16651376941960414
41919c492d55190b,0.1410815509041692
8fc6cb3936ed4ac6,0.10740292277279424
75e3076bf4b29ba8,0.07155750993431734
8357351f6977683d,0.11602665779185128
1a6590aa6c3d2a06,0.15036123527534337
6b0dae5047e0ba12,0.12929630724522592
6f8bc4fa3d91a3dc,0.06814882701647255
e4aecbadc139b9ec,0.08797813008232923
7616bb2872e18231,0.13867597048372013
f97102e411194f18,0.0571161121188035
4f25e4f4959ce4e1,0.0818094188661068
46d34ae6f3e900ba,0.0978184791117911
73e3288eeb552e3f,0.05063546309227942
e7010fbb2150676d,0.09236136232602546
cc2c1c680ac82832,0.039869185097235846
d025b02417a63fbb,0.11496940222830032
08070948781ecfb5,0.0530869381577474
2bdbf073750d4864,0.11194857612605516
2783928eaba81305,0.15399602429949233
51bcbc84c0f437ad,0.05678346593540439
dbecf7b9325b78d3,0.2029088884093975
39b3096dbfceade4,0.09010414976193137
4299599a54525066,0.16778940221935923
ccd92654fb1f721f,0.21910266088781843
ee1170819ca7d594,0.04842617482055221
c30ab4f74d33afa9,0.041562830129204247
40f10fad12afb51f,0.10812168099319565
f4e63fba51ec3896,0.18372035807033396
60ad4f8eda2cf6d5,0.1982030567839339
4dfcb17aa4236952,0.1214486016228625
2e54d9b1b4e00337,0.08015998287939717
47a9e135733c2ab4,0.09200718773113538
4b3c22d3da587d59,0.11254766869213387
ef89abef9807c003,0.06669303391093889
e7530eb737c85931,0.08374821235023518
dea26fe32dbe26a7,0.11265284387365987
08133a148f3d4ed6,0.13969015105689245
d39b177320bf091f,0.12361815861024596
c2eeafe05948ccae,0.12722549909183564
73c8d1e2bc9f517f,0.05578623555976042
0dd4da33e5e18c44,0.12210369281644319
25e076876a1fb6c3,0.15615916995466225
873d0ca47a7ce61e,0.12022757978689926
930d090798b9ad8e,0.11728298228144825
98e38baebfb97bcd,0.15677731720931748
9c779fba6fe0839e,0.04323733859561765
5bb1f9fc76a02c1b,0.08605371233321231
f83de39c4e518f6b,0.1746450880431578
10bbab1f08d2e6c2,0.039796403563713625
ffe63eebf605244b,0.3734912114529835
1e55e67dbb9fa1ef,0.0985251219175789
e53426cca968ebd9,0.1505028836372964
51bba86dd8aaec50,0.1638099208509884
582102afed3c818c,0.055285897655519764
b280a8fb8ffb9bf1,0.1192869959316118
e8e7ee8589574a45,0.07960080933320468
228ac1a17bade85a,0.094083194406715
2bb37b0ac11a0c2b,0.15347203794085132
5588a1f5d8da9c77,0.05912638557481327
a46d657f4c9bc8ca,0.11559091060266122
7373ad47c61f558c,0.1929978369768929
0f1fcadf13eee28b,0.14477466057912194
1f8603bf90774382,0.26007967202027776
b0dc746e7f7ac87b,0.08663657182057981
82107223b7ff9788,0.13415771591971967
a38cbc0aecaa644c,0.08615900826933313
61dbaab39e7dbc01,0.03985756192417653
85064aac24d665cd,0.03711721777855911
48be998c9a3000d0,0.0838060290655615
26b2daccb2b045e0,0.21591608509199497
95198d21e3fae237,0.0663668557427096
b2a2d7a18404d7a4,0.14605391159203987
6b178de020b8598f,0.06958669612820294
38c1b19633279892,0.1358612356646088
186d5468edde7455,0.19212449414483104
4f33d36d7b629852,0.09400711043853643
b955eeaecbe25ef7,0.15033351394860353
39ad39dbe012b34a,0.23481515986659526
929e8e2af2403da0,0.07652991893825398
fa22cc093dcf1822,0.04968625453635322
f56ff6b1c2817475,0.06272962814937376
56b30f44349ddb92,0.10700857838219185
617dd77adea9e711,0.10533605941164992
4cd7a91de7bacdd1,0.1251943952580729
c07844f4e94ce116,0.24898307478777115
692bbfe3fde429f2,0.21253346304143167
6e8117bf11d2b904,0.07106515973324806
27efca94126fb8ff,0.0549634525881642
4d2a406b540c41f9,0.20492068533808305
5ca9c8756c163b0e,0.06326492050886612
c10aad8b54af6017,0.12324168466807277
60798b007f7b4637,0.0703373410297175
805031b5ab834e54,0.08990919786856459
fea6be92744b0c40,0.20598939787380735
284e4bea4a96494c,0.08509811606186199
4db0c35a634d4fb9,0.06058511183512031
351dca6bfd544a21,0.18755475160758378
c36cc7323d4f4de5,0.15313994268838318
78c350098097af6d,0.03448756066401089
1404eca61a3105b6,0.048683086948054545
2472a09a3e602f48,0.1484458073929966
5f9d50958df392e6,0.296498417469358
ab8fde4ac70ac766,0.2399124905049098
6649908e57ee98c0,0.04086551057195063
6f6b426a42753b8f,0.07957489781217213
9f89dd1b9ea145e9,0.1453680986051575
d56cce1c1c4c9780,0.07452040597916139
fd794932c3ad58d3,0.029413461421391337
901c8562d025f79d,0.06757622245454317
2460966f3ca7d3bd,0.14105810480444758
41c6149d1848cad1,0.08258907347653247
2c948ba95eb3128a,0.16594786003195552
0263f07afc6e71f9,0.04390449527898037
59520bb39396ae13,0.1462369513315369
096e1b740c779095,0.10759143330426219
13bcd446b5b75780,0.0440788441301349
82652e7aaa1e423f,0.041099045349368236
b4c2a047510b1d1d,0.04524686107559641
8e95fe1172cfd49b,0.10483034363329462
8b3b319f1bf34127,0.16701041497582492
8e876b9274c5930f,0.04242134773216588
74c8dbccca14e4c9,0.20219898390542995
a13d2861af1b8b95,0.14295026137343456
3d0443784b9008d8,0.12638945700781207
30a6c22faea5d219,0.13875915193354096
8ccaf0cd13ec8d69,0.21380576974719942
ea79b75b6fa4e024,0.11225495546528473
df41150fbde2201f,0.10779555099116388
6bfaf27148ca783a,0.16341129885819047
016b24ffbde9f2e6,0.18475514443553295
c7f17aea0b57c810,0.045945183424787185
1974cb4a4a5105f9,0.09989311124468961
ed6fb2d892b20325,0.07460614868014595
029aa7e7739f68f3,0.06483348013460966
1499ced0a7fec031,0.08112153639850914
1da835ae2069715d,0.04995988411020732
3b48789ebdae6cf1,0.11662918414532367
b2501a34b4204e11,0.06308064124514766
4e1bde0d2fdb1719,0.09629413342785093
bd42c11dc1ea52c1,0.041330564380255085
dcdd441194892326,0.11404150319434671
890cf601bcb4d1fc,0.15314681556552917
efcfd07026d6f75c,0.1344279460309134
6e5921c9eaa0bbae,0.08911989626039456
076e6b937f9e0f1e,0.19711879215824438
fe7aa6148631a52b,0.07404440354677055
0204709b122147fa,0.050799862500997606
3bf87c4ce9af3343,0.039471558147709
e5d3cf73e07cb881,0.1262699745878619
d79da024e674f570,0.13631183606027472
f137410611053710,0.08943231654959335
4b48a5ea7d8db38d,0.058406236351428054
6e5b5708c1bbde63,0.15178546414845662
2e21f1e2f4f0d11b,0.08650248275710043
2fcb7b875a97fd67,0.13426310671874025
c9c50dcabb2aaebd,0.04245613962871638
ade709965be588c6,0.0762811460626816
e99ce68035fd1383,0.11765568692922428
9abdf47140639086,0.25629351475482387
c0370f3f688a69d3,0.1826860641852449
023ecf078fbcbe04,0.10264718733656443
9366b2145d9ffbaa,0.18468749782586424
907dcd98979cefc5,0.05237148028385409
1430d1f8417967a9,0.11173391095793697
12cf954bc6f7953f,0.21990728426240744
9f439978c3ff1caf,0.14903492664975332
3d566b52640665bf,0.2004275778072665
1da24b04359879c2,0.06629736797493836
5fb8e8cdc5a458af,0.10176136911152252
69f63de79af9dd49,0.13297938768531395
078cef5b5f6aff6f,0.14905504993959945
ee64ad3ef7cbc727,0.04456562172871539
30f789de29e44c84,0.2051655017838901
ed6dc35d0f6c3f4b,0.24571922342849575
24171dc6016596e0,0.17301326104421383
d9753be4a4ac4d5f,0.1950680029138727
08b18f56dc4a9978,0.1145958948454231
2fe99f58d73a842b,0.051232867593116974
231cb4b19f8ddc4a,0.040756035708255214
a0f57bb92842d2c6,0.06558247325651562
b451e5af95310e52,0.13738258404322765
4d5e3c273bff2df6,0.12165353163938321
69445874395ad7f7,0.048668430981780336
72d5eb4d04446c06,0.07533038724988109
676277c834acaafa,0.05874770940944095
345fac6fcbfce3ac,0.1371575475202425
77268d80339453f4,0.09008043847550057
0a3d332e3608b10c,0.1831883746794772
3d3e247d278aad6c,0.17901250542963992
c6d0f1503380066c,0.18443724762604252
a7ccb8ff054ea663,0.15966498825108014
d3b3fd3963b35751,0.16328834949665472
e361e82e1559efea,0.13046115027651925
94f03a339108fe12,0.03727669013442775
0d6b47fe3047807f,0.1088373550331067
f0d2a9398458201f,0.056506014609665214
8189ef648444f31a,0.1779775852038133
b341aa9047a23001,0.07113976319034251
0b603f589ffe5334,0.17636824617392846
dfcd5836b6d7807c,0.17611354375471738
c69510f82760fc8e,0.07706876584296024
bc2b0e3b0279f394,0.04488763822608324
9e59359a937dc386,0.06422460719155423
9bd6fbbffc3029b7,0.0900164437962361
78533ed0a4d75031,0.11858952197616597
24d3b857d9ec7516,0.15908405767083394
d9f1874f6346d786,0.14326688600399698
6588a72e611a860f,0.051353186155026556
52fef00321899df1,0.16205090819633147
b3c2a81210323102,0.06608579925815189
c1501d30afd688d2,0.09423536647025368
2bd1f2fa8a7cdbba,0.06408188852743063
7472a7ac18cd8ab0,0.19883768248953199
b1dcab1c1027e375,0.16238220488284527
2add558fb5890d0f,0.05228064175015418
51a6b2ebff82bb8d,0.14289897891648526
3486d76917d26380,0.14719146518028955
7d9915dadeee6dc0,0.12056578209777959
1a5e5859e62a5ff4,0.034942184005422074
ba7cc06ca707247c,0.116540621873955
3c42318ad81df936,0.04628430381625094
e7f32c62736ba8ec,0.08668157462116183
01970049a1d79ee3,0.1571687355217739
c34d08417ccc14e1,0.13416949789641974
dd08d7511ab95a7c,0.09906211285300971
147c9ed162930636,0.14138890659350925
4d55d8c7e32d9a9c,0.0849652931429007
1df22e6d0f4be856,0.09434456551956864
29e5cfdbc9735f7b,0.13321120043169318
529dfd620d6ee22a,0.08000840243666113
22b829fba260c24a,0.06715778443633898
712c502ecc45cac8,0.05094584824013822
2806f2b7f968844a,0.140460638471368
1ff716c957da8f4c,0.034613959884474
33a651d1e2266900,0.20743403648349573
01aa41460821647d,0.12059945241731995
2728591ac3aaa7f9,0.16421478482360083
62153e0ba99bfdc4,0.16640101774837704
a336835871390b27,0.07857345403256169
66040815dd14bdc6,0.0723104822648827
e0d8f324ffe3e925,0.12547708547213368
e7d245b8d234167a,0.07359514454498543
b30acd5fe8990b03,0.2916742036734521
8b87df65e3f61018,0.10571595972835193
92d913128fc856dd,0.11166366167433232
c1aa97bf3aa49c01,0.058357740901476385
37b85ed57524087b,0.18161296081059453
fbbd2368a21a9e6b,0.09505066771627826
39795c53fb16d719,0.07517775252385255
6d637bbe837caf77,0.12894972890451442
ac09426ca8b44dc8,0.2036669525978329
0007a5bb7310d604,0.14011688623307847
f8c5400d321751bb,0.19479271007067964
5c5d74b2ed3fe0b2,0.04206694120014078
a0d70afd5aebab39,0.09969655559064314
dab67f5669ab1b4a,0.12667464783188304
b094a6aee2983e4b,0.12997358686849425
76eceb39e4bbf598,0.11438489612844348
08792ceaef2278a0,0.0722016137746728
421639eb32096298,0.1377381944852364
3732446a2dc0ff2c,0.11740961299748084
f42e7bbaae983e33,0.14878221611785114
1d7a33be5e41401e,0.10258256778389492
c94efe294bf687bc,0.17567433492700107
54153bda194f6353,0.04840517653106795
275f14633d4a7de0,0.052779817663789225
7a750521e7810b4b,0.19341856115681402
b94bc2b4bd62e236,0.13522734251393728
3c2076842f11afcb,0.05765972221018414
53c3d245534bdda0,0.04353164098009933
bee1ce38b4653a33,0.054447913160092135
7fcd7a8a7c44d7f7,0.04940106593649604
60fc2edd396bed1b,0.11835145127161645
df7a1a739d1e3d31,0.15105420335933373
293173b622ae6047,0.1006752215949572
c18a9f29b23ca49b,0.052966573961340024
4497cca94390df91,0.07853609348308832
40d9096835771f2f,0.1844939455524206
ba30e997b8338d76,0.1652767071963137
56d89283c0f5c7c8,0.08645367362234788
f460984ca4f4f1a0,0.06728671548819454
63585cd6e35862a2,0.06772208675142552
26e41712e705d5ad,0.13228628364384862
0a056eacd56539b4,0.0438534520639386
9060dd63376b8616,0.09321672754758834
f11e51ec27009738,0.14171869045158905
d0496dc870887d72,0.14068669788496335
65fef6d3fb26ca70,0.040887879562198165
a586684b41fa9769,0.1396162325184803
3bb2f0950e70a234,0.10737396663791943
6c6a97e3ad10abbf,0.1582059343276476
ede33053b334b03e,0.1261084685518684
0dfab1673fe84ab2,0.07326211749530082
f65b0230673c2e76,0.10743474555037552
5618ac6872992ff3,0.2761914372774966
77febd71dc7777e6,0.1902017216290882
7f54b45c8c0b9310,0.18468809693853896
9273e3e5412cfeae,0.12765599668715144
52087475796918f7,0.07424198833592256
643455f14aa1df04,0.03702365086536165
d1b24b005a16d2e7,0.1306309486953822
88788f98d41f9611,0.15717954030930906
bbbe50af555f1d68,0.10982024580219107
1bfe964817713a25,0.35244141395637796
40d6df07da814020,0.1658785303342144
8a96d0eccabff7b3,0.03773560971371712
439300a43f735490,0.040002097664874135
bfaf88448d1869a5,0.13423873831776625
1eb331ca2d61f16e,0.14350587881549737
5ad8f23386d2ce42,0.17518821466263643
69ddf95fb1e28199,0.15317756458425133
6c224fe2f90a4ac6,0.07857787888742557
7d2d81f3b2e16bb2,0.16788354544508113
306bcc14dd7bcd69,0.18198037720203525
db0b579d4d6c3202,0.034223299458724314
5e7670a553fae63c,0.12818395395114882
999f8c054ed84981,0.07208859858676446
645969c8fdeb22a1,0.02958518935821312
6158cad9f5117a45,0.0762283139319071
3717d43b0bfbe61e,0.12955733098732863
8ffc981637d61bb9,0.09912701262126478
8b934f4c25070ad8,0.07900577522436428
15701cad20890a02,0.0947123279053782
4a22e527eecd22b2,0.14349422289355945
6b7e69ddbeb27f14,0.1661733767517776
c44f66a5254d5ede,0.18578137925711286
1dd06cc994df91c5,0.1855826913733695
43da23e0c905b332,0.10573495792730965
cef6bb5fbd6d7d4c,0.03910997626067883
74e65522686e974b,0.0775825164624012
b2ec41e4d4e17991,0.07172903563974696
7adfda5837586ee5,0.08980403042947713
7be7cd83da184778,0.15562646576306297
331453c919db4a8a,0.04911087796311737
1ad90b2ad8ec5751,0.03932090119495315
06f305aa47e1f3e5,0.1518086767995885
5d77b6a032a98222,0.10646951831741769
2fadc388cbe136d8,0.03731355890888699
3a64f59d79eebaa0,0.08950535474262904
e9d4d3a03ce54237,0.15053376741946015
5bc032bc2d4db536,0.05918810315536861
42afab27f6d63b09,0.11163669249604141
0ce59aff9d61ddc0,0.13306200982998537
c4b23b3e64f8fa59,0.040835730383708
df5826f4adc2407c,0.13744747330819662
1006c7d207337c5d,0.06002732927003454
74f20f15f7388f9c,0.04239632352269376
e8c69436b1cb3320,0.07886243655507608
609680f04da9fb46,0.050280229737372895
060d99e1fde9dc79,0.038516803667403794
6555f0c293c5a1f9,0.15230738001243832
cc835ba475e9656e,0.1409902394160439
960c65dd29d3417b,0.09197914538532656
c7596c71a0f505bf,0.04244547771018721
3f3297df319604e8,0.1340512434206037
21c886bdfaeba657,0.18427017570972495
4c47eb742008376f,0.11890830028327885
0360ab7e3c03e1d6,0.07944738406602735
106e8c5cc993ce96,0.10937892837044286
3f189ef767336273,0.11748306552395467
d87c2b5ea60e2e70,0.05357857184567684
924a02ba0ace2e0f,0.05865675681195781
e0a93aee5351fc40,0.17234153218324166
60036012aab0d68e,0.11823794632187325
92196298fd1f0a2c,0.09384162270715073
2c9507cd32c0dc32,0.046415178337739164
f138d3401d1ef8d3,0.038047604097740356
0550e84ce3342ea2,0.18025944145524347
433b7b91aefd0d89,0.04176227842014721
2f084abde9824f95,0.05315104747019573
aec34c208a4086e3,0.18455077854975263
77832263f798d3db,0.11782556985282158
423646a4264a51ea,0.10646934127823358
99a11463587499b5,0.15276185894416908
5666dcd2f61e1fdc,0.09113175145805726
414bb3e31a06b128,0.20238026125792022
9825bfe27f61ead1,0.09601210892394335
3e8b0ac764ba974f,0.03213943554328441
f494e58fc4f527c1,0.08392133369797675
4b3ed9d300487cc2,0.15869427242173312
064d5daca103bb1b,0.08811643941846213
1a4b5aa55f664cd7,0.10071867826780397
65fae5433da58938,0.0806853644222983
77df36f32951641e,0.04571149072900892
2734faa9175621e1,0.24708777670493232
6952ae6c0325e147,0.041754878072318674
bc49ff32a733b5b3,0.15415502005852239
ddb437f22bdce5ad,0.18532813083456923
ad2ca89540526e80,0.191276997014697
8eb86976f1f7faeb,0.1961300985428716
351b2cac3bb60649,0.15178387267711596
f3685748a7717d4b,0.04309823334464971
af64f4a787a28c01,0.05400596013585349
e41d8e72f6a6da64,0.062399069705795285
43199fd3cad0d080,0.11718987449442839
08639490dad5a32a,0.17869715000767755
251545c20caf2d9a,0.10643418316363715
657fbf140a397f3b,0.09068421789252747
d28dd01372e08f90,0.11518192258053023
fb9bccbf5affc835,0.039329035412121835
0c3e0f0e422bc214,0.15371111308028476
b6fe616b3ee4f983,0.11237819221810118
1a05d9b0ab2c483b,0.08615651678132365
be053c37d8d326fd,0.10390023706966414
b0cc45542dd09eba,0.092499051621028
0d1c9ebdc72b57f6,0.0906576654929429
926a38d305ede2ee,0.16674042328731306
381047d838351f95,0.12062976877278081
5afb977a1eeba5b5,0.0791132695244557
1ef7c785c8633cc8,0.08136726372602612
2f0bd78e22c8874e,0.15849579343382478
2765e2bdf659e633,0.04221986371210086
31756eaf193dde51,0.061964170203827364
ba5f5a3df72c6be8,0.21864041556683558
90e87591d24ae44e,0.07861643102153774
f9f063e55d3db8b4,0.11446777557350143
3ef90711b7e5d86b,0.1598518237396212
ec0a6ecd2422c215,0.14020203117006427
2a75009bf5006a5b,0.06730827546417842
9edf622febac0e4b,0.11955219927767234
9cee551773541f4f,0.09855549978706324
2a07f1c2d7378d29,0.1286818057443529
aacdb09c08c9a960,0.04221250851769883
df9753fd02aeca78,0.08813384393801649
ecc853e05f1891ac,0.11755185884667746
859bd8582d3d2811,0.10021700425273264
a124273d56f60796,0.09161718803350424
9cd33034524d6b66,0.08950598507796925
9e58973154c42431,0.05304049077752335
fe78518186335668,0.04632005969458429
0c195b45f68a8952,0.08089137993637119
bb6b109cc9317218,0.03851023220050223
a58342d3aee051b5,0.07011763173330213
48f975291ebf9397,0.17548645801047752
672604676c29d735,0.13533459277460955
144b0a7e9cb057ed,0.18259318764972549
02ea6c1ef4cf0b61,0.03607359511331892
fe3c47193f742bd1,0.06253976493866736
782fd306b790e8b4,0.10562434188423801
53f0ab0c206a7f5b,0.15139050815874838
2d15bf73a2700357,0.08645660445668975
569b34b568032161,0.15528441435654297
d98474765b2d7880,0.12408117602578145
f3088caf81ec54f5,0.19778196302582693
884de3bae564118d,0.19048322015190786
5b62a55571d795f7,0.15807114480871914
e860976e6aaf78f3,0.11562098790736298
bc5f8d0b2f9683ba,0.03830786627150032
92555d85c6369cfd,0.18408126018013873
189861fc294e0daf,0.10804105466583877
b8212e2222eb4313,0.04008391460840145
53afc56ddcd63d8d,0.1224367539919527
0592b0cab7becf5c,0.09907331522877899
ac4cbdd76a84da91,0.1208029148816525
f2eeb139d518ca60,0.14417740609016577
e02fcc8b8b63c0cb,0.06419089741106708
a7f194a18e15e185,0.08353958246221585
b9b57b5beadd1490,0.14913406594083245
357c4988d289017f,0.09804486475077119
f0d98c09bd71837f,0.12741777915877983
b1c0df4bb0c82383,0.12082032340758567
5bb361813a233522,0.0733559398784959
c3eeda7b200e2c92,0.07845514130335414
db0460b8a23a94e3,0.11095702915512612
3c80f795a35190af,0.0471138532442774
ecf5824d8b392491,0.07372403794452569
5fc7a11376239e12,0.039906750665201926
2008fba1ef946ecb,0.13607759153688578
e2aa59fe541e0ac8,0.07167348158479137
09b5c7802e6b561b,0.04316622699174943
988df0719acbb76e,0.1241030031961369
48d79ec301d31948,0.08363506193746764
d288ed9b89b3675c,0.07608250550888013
75abd1caba2694a1,0.057329889593046995
3660f3c735d8a187,0.0898395025003588
0440ac4598276f6f,0.1709384238700965
836bbb09e4831df8,0.09697762989817503
51432ea27e463eb4,0.06513414744384102
3fd99194e4efb12e,0.056661318707724916
ef1b4ca1f2c1e357,0.05052129721641421
70c464af7e1cea4a,0.055567630061029376
54c64f47d761f86d,0.1407127841405084
333dcb05411a601b,0.06392942917544633
11861d1571dcc3a1,0.06463106604118288
20e00d08f625d409,0.14598332885883594
8574c4f5b2db8c92,0.12910358266396843
95feb433faa8520b,0.1631371267116325
1dd496796a5dadff,0.06573502520155693
c1c248e8483e9ef8,0.06800237625048056
5e0dc0f0f0ea48f3,0.06343542563331594
7ecca4d6c9eac123,0.08016519733067091
58dbf7650b2286e5,0.061008412079927035
4c62224901fd183c,0.12794925200295323
affa636fe0cafb15,0.16478873799916205
c9f2c416d003a925,0.03622732525818043
c19024a709757f11,0.07410103536975936
d3444b15af3a9536,0.11567774650379162
2f54cc2167b0cfdb,0.06937862352786936
d974c7d47092679a,0.07647957056205765
1f04a25da2b17ee9,0.13338178932325698
f133299dc49c2bf2,0.04302318417470885
9542ec8d29575b20,0.17668350407805075
6e476b773a15e2f7,0.05535281557378483
c468f0fe05876276,0.06623417047442157
1bdf15bc47508221,0.14436635405813217
687b1d6eaf1bb287,0.1360918954521586
fc8590ee9d55c5db,0.045936214622776236
a4379a3efec7361a,0.03955205410674671
30a2e56d4d608b28,0.11780387776973661
4b400d52635e28ff,0.2959976296817404
992d4d4846551047,0.158939100022948
b91c089133d42f62,0.08505666456299958
c98879c523da912b,0.04903386985344455
7c8f510d8af822b4,0.13961267589475596
9d674a6212b3431c,0.05581408332783746
d3da05b2f284cb87,0.1021798743528988
853ab873686c227e,0.16160300208760608
ee0d55e13012503e,0.04154023632541659
fed761caa06202e1,0.05814223802288636
7750406f980f78c8,0.13414429751914966
e8770d9a28fdaeaf,0.23179151105004464
4025856444b9ab51,0.05745069512126058
1d0cc87631f52974,0.31441904653027114
f87d2af1aa151b69,0.10977914663217105
e2746f6359714da0,0.07633560645341407
6b20c519964ca8fe,0.07358020818265608
ac0ef70a6dbe1ce0,0.04397431528085741
29219b6baa3ffa60,0.1154114051548703
ef5245dc0733939e,0.08723041870969762
26d625d3997169dc,0.05126150001879988
ff9580c0b2b1a370,0.13022156383800496
bdad383d41eac454,0.0298053687112836
a6bebd6247dce4a2,0.22721073838837197
846ab5063b60d099,0.2067728152930371
1e342d4cd0cd2bac,0.10204945403263735
b111d554bd56dcf7,0.1350362521941791
9ddbb649643fc0ee,0.16934905959078594
0dc9c8998b42da67,0.17024600322001712
80444594c0d4b5b8,0.07876565045618993
9bf8b2752ad4d752,0.17447504508944583
794812675f553fb1,0.12877549922096024
c60c7cf09844c202,0.08133041564667233
06559b4012a85953,0.04516525173550153
dde7362e34a81ac2,0.07881729337720998
fa1ccff8a7481b47,0.15665774687581585
89c1eb286bad23b4,0.03515724667148075
b389067306356b78,0.10836834496516709
a4328554fc4a45e3,0.1330639283195071
fe2ff0422ecd1440,0.11430090514666845
e1f0e9e0dd1f6a8e,0.11307185324433439
e431bdc8db1622e3,0.12055590363107929
54d5ddd4fde3db7e,0.040936384496103935
d6a2262fc314d2a8,0.08522516628969819
e7039d9ed0ec0c39,0.04063246298987352
357fb25344e0d8ef,0.08064552693555875
8479ceedf945cd0b,0.08376519315814412
30e12f447d932d19,0.1366509813443121
a33acfadc007c5d3,0.16049590533403066
32b72fee7f2bc37f,0.08682901996921155
e2ef0cf7c0138e95,0.155570568473969
c53a5098d3feab43,0.13457355565879314
2d1a504956a9bc59,0.03614655061894599
5b9d63bb61f11842,0.05006640605463777
f8fbcd4440a074e6,0.12986575493509966
c18b0ab8490d1c66,0.0774730110857467
18cc6b0ca558d790,0.23006156307619663
c78d6d8adb708879,0.05737202806950348
928fe114a90feded,0.13493072593053235
806b11fae1f6bd45,0.06363859448483328
ac8d5b4456a25f98,0.05522188066415301
0de3b4e998fb61e4,0.04227334077315256
0344ee3e70daaee8,0.16467556953946746
9459a694f708e7cc,0.040810251871255046
f8f24bc3cf3562cb,0.07504975241073715
fca0d01a476eb58c,0.0645079696050401
ef25fb3354e1c732,0.14174063275684132
83ce56a22c714f81,0.14823371570285515
781864846ec190fd,0.049375483609243105
99c27791616e6a14,0.118308416083006
f00a56545441ae1e,0.05185256551964462
160c77c56d0bc3b3,0.04838066823702073
6bc7f7e6a8dbe398,0.09097827965978786
565c31dc34339cb6,0.1571058420017186
d47a57dc58d8cfca,0.10344156105775225
7d91fd093f331634,0.18387568552173644
a33fd6143896a064,0.048070725378876494
af6776fae916125c,0.23432873424389974
eb63791dfd566fd7,0.13090048892220124
fd94632e98a57fd7,0.15102602146669175
7afa48755b2905cd,0.25536602295598376
cbfe89a23b516339,0.14689285592878154
bc9eb4d602b27458,0.08061084281612237
fb8b7e3482eaa33f,0.0876565028779889
0d172dce11eeef53,0.046965756857504884
6cb7efe2f15a8b1f,0.07316225025057868
0b234c8955fa5560,0.08027804803364205
1564bc14da2389b8,0.16006480474747883
11d440c4ffeb2e60,0.10981842736751744
fa46240b99291663,0.14027794338857666
52eb5978e0a48397,0.19665763885909315
bb2cb3fc47f785b4,0.15440990384165226
bd402ae2e81bc456,0.04586166831732009
5b2c73c3c2fab67b,0.031731162152321
558785e2cd64bd4e,0.15395318598826277
d8d0cdd0e630be6e,0.26349489531412057
54a5cf67504e37cf,0.1345959824439714
b7225c4787addde6,0.04606800774065491
2e444cb3f4217098,0.056202069504214275
ae6ea7b6c44fe6f5,0.12623556563440969
8917e3ac1e161b77,0.10953417256550255
ca8e1b8f4b045be2,0.20671768718598726
b16a002c43cda488,0.1935188143324369
38988311c0c8e2b7,0.16459798017862765
40ac9a289f991b8c,0.106636534202142
83dbe87c0f3ff118,0.09964968095653673
d8412746401ef6ff,0.05134945801034959
95a1b17435300c3e,0.11869445460647601
9576e0a63d76b324,0.08050793713035287
8e43c1faf8514a42,0.03088747299027829
64462847893bb0c3,0.11703237841786925
2e8d60596fe0288d,0.036875070840763406
e3064eb18f25f417,0.2007310438980761
5c24da1b9f2ac392,0.0356573938719922
ad26aaf8f4bdaf41,0.12525117217144913
a21097bbd8645f25,0.04872297121580149
cffe1ff942479449,0.05461772717753813
39170ff154aa8058,0.1332117966266825
0e2b77f6fe4d94af,0.13851986944817388
4fb4ed274c87cfd9,0.05616498650231716
dbe218b606bf3cff,0.10136765438393294
b1ff3f405ab15e62,0.09327920495040411
b77bd0eb977bfde6,0.03596141462841865
c65c01d13c9051fb,0.1817051792683637
9f7d2bd32579e9b3,0.06955025024005976
1d42bbb95380256d,0.15067708048181339
799c5bdb519f3962,0.10215399927715442
af54b26cbb15ae3e,0.10352099029223857
9ce958c47b1e7d3c,0.12588096054616485
d39bba0520b226fe,0.10363303426727413
c4923735c16e8881,0.03211723670490044
43506b20fd8ac430,0.08615308230946231
685b0ab35ff084e8,0.18732660766286885
03212fcbf4fcc22d,0.18191176834929254
7aff26a87411e8ee,0.13790785210331366
9af789cec1453f89,0.03964655423005037
41f2ebd04afb728d,0.16184638603758614
a3a3009c55baa210,0.23838159684543467
688382bd40810598,0.08695607921427864
42cce10beb6c55b1,0.053549857210288106
59fe211f9aa2b83d,0.13460492193754453
86466c925086fe3c,0.1645653943365336
cd36f54626e83a21,0.06264808307625898
ded728c05e20539a,0.16834172174666798
0c7fd3a164040b3f,0.18052302625087457
614f526f552a972f,0.07171902946973903
cf076cf42abbd2a6,0.060794430226817534
e20135d1136fb289,0.06193813016457088
2b40340f15b07950,0.15198591260215716
92ea7f3ec80af25f,0.15701804297454147
1de6db095fe81c3a,0.14791160146736013
e13432ce761076fd,0.09890351308738049
ae126eb3da41487a,0.039279843000211284
05436df37c119ff6,0.10625058906378299
b9203ce854a26300,0.11715406279956164
e39f8336b7fa1f6e,0.1598518059208813
2d031b0318ea5a02,0.08432918907759875
54304b5c419290ad,0.06015913669969653
e9b3e8a0a4077e28,0.04119757745097148
1dced917867d765e,0.16449642385949417
c004a070a93054de,0.16957549861157936
3fa194a91f4562c5,0.08036510856704479
76d5a2300ca56933,0.04325581068837631
993bd3c445b80c92,0.1105028534456912
16eff5adf0cf07a9,0.19441556853571054
19f4c91cd1038cc8,0.04881920729084097
4ace42dbd199d1b2,0.10659227971660305
8232534ba45ef07e,0.11509160312019545
a2eb06ecbdb56bd2,0.04641269294055207
e33ca091fb503e03,0.10810946467581706
8b65603997a5d0ae,0.05090705596899085
c4702fc1a3b838e1,0.07788245943288655
0a2ca915437c9a04,0.06258573658100242
6e4d60a1e5913350,0.047899098427834436
0eb4def034c0e542,0.1777103703808008
0dc7bc6ce45f37c8,0.04148925013472578
69c1bc9b1691880f,0.1106304688856187
249619e3bba248c5,0.11259114474480676
8a0925f386616243,0.0886884267317399
c609c9019d1d7b32,0.1609500285969657
dea132cdd56b9c8f,0.16786158693998693
24c6ff18b883edd2,0.18198891816356888
06ea151cc4ea5974,0.04247127833487945
dde1072c2340c07c,0.03792353417703496
bf6234d11406ea49,0.08546766046693577
610c0fee53d0cf9e,0.14785927857733216
fc0691273040fddb,0.15185934120692368
46bbaf2bcdf5a362,0.09554927273425678
6f4198d004803569,0.08933733082046473
3f726ca9a49e022b,0.049738976162043855
2263ab08ec01d546,0.055767049981660634
dc2a61d22023b42b,0.3304130225717336
9cb03c429bd54976,0.03955548380558806
d3d5427c6c9640bd,0.162723737328581
a356aac05b7d44bf,0.07203311870299596
2c28820cf1ae8254,0.15414459920531728
cf49994228b74e3d,0.06999980810993589
ea984ee0501b30dd,0.10891528748826117
3639d96562366ada,0.04150393938512103
007d989968211b0c,0.08898697598225919
47b004a1df7ac9c9,0.1081635972369232
f09cbcb79049a436,0.17158656848341725
d3e17fc998bf6787,0.11159393961089302
0c6c8663f624c58e,0.042588933722882624
52720efef03dc54f,0.2128100953169758
c6a5cca33f57da61,0.06541709133187411
b1208369a0074122,0.06157011208378738
b0563e971ad0dbda,0.03996329652575466
a0bb9373f1dff1b6,0.16472040251564501
607b5d747f350fa9,0.14961725397611148
8945214e2c9cda71,0.17816909256430882
7fdea294906af44c,0.1942835605341351
1f3c2f31d844d10a,0.04861638524121377
248eb5a4a5179bb0,0.2499764946955529
f7522ca250fc8477,0.06634688212937884
3ac3d9675fc09e64,0.13114139842301928
b65116a131be84cf,0.16937889385734012
7cba939dfaa4fb1c,0.17752157955525982
4e484a321de70373,0.13916506588788455
48c00464ee810da7,0.13891735500060545
11c760a8108e0ab5,0.16167617987962546
4ece5849758d2bbf,0.09850510143659189
2d34cfaba66dade6,0.19964461788725935
597b3aa023ec1731,0.04515313353024804
65e095698c6b2018,0.1371586608353103
d4685373bfa64d8c,0.06352417108204925
b2a24aac339b046a,0.1301204996685667
d018e1502c830522,0.1427779476040887
b4a5d705266bfd48,0.07263940251353056
1bc1ad21db736edf,0.06384874971408819
3584862144963b16,0.07272093356930508
64acc3b4a0341a38,0.04372002940139579
ae1b7c2913418b6f,0.03475204139378235
5ff184c18b029b7c,0.04430256112165022
d407cc2c1f68ef5b,0.21718445568937586
10610f40d2c4beb2,0.04542510604998167
a8e72b280bf38b81,0.05938702950015357
4802ee9701571a2d,0.3622909774993942
c0ba503ad79cb130,0.31627974621683375
a428e18a2571696e,0.1335113984673897
d973ea3bf88a0f3e,0.15139073150260818
cca48a6fecdefbfd,0.10815456429155283
387eb4b1c9690ed5,0.057231256323374634
f9b045f246df515e,0.12654350449615454
b8aa274fe0062de8,0.15958245375776636
9d67fee3adf9e1fb,0.17494344422823443
3196cf2ddaa8893c,0.16316296260232346
c6cb67394ff79930,0.11576165525115417
b713b9f13a1a825f,0.07493738403505082
0c55301e8a9a0e8b,0.1457909616611191
06cf6a66edc51d64,0.29488037782233406
73877568d5adcb7f,0.04311315861741412
6e713b6c6d9ff701,0.18203347073372983
35b98290788b0e15,0.18598232289011085
c1699d21d21f249c,0.0708257693040328
4d4b1f0d9defbbe6,0.22790597374203855
c1eb4bc9fb4e0c7f,0.13315067192203875
ac64ea4bb93cb2ae,0.17238707230213499
a6c0198d0ade9eda,0.20249797348618584
4ee5d36590d4f29e,0.13030884555449843
39d7718a5529cc62,0.037099963345849155
4f6e36e222d122b1,0.089928094675352
f7b65c4533428cbf,0.234748239079616
32839e57f8e1ec72,0.12334123134630352
0a631a26c3a1a8ef,0.15816215950359394
42ae365efff05b84,0.09941334082678355
aaf16c83ac07884a,0.1380374351087142
e3fe57ec38bc0cae,0.07726943942233007
a269d748b94103bf,0.10196054663009785
29320c0461eae48c,0.03861170097519028
98b75056b390e87d,0.14509491964898766
a18aa53890bd84ac,0.1676173858581154
fc5a2a2354cb11ed,0.04325565596206494
912408725cfa628f,0.11060618632765358
6453b1a068b68ddb,0.16277697128995205
d95e854d614ff5a3,0.13261177723367956
85a79337144b2a84,0.07657963141934357
b5e18d3eb66f6250,0.0374565282247259
3b90fc3f1087e3d5,0.04382710338674953
36f89bae0e5df26e,0.1055179507228017
7de9a21c9a6df7bc,0.18427451192093766
4ad662d48155a76d,0.12088590134558909
1016d05cc8d07dfe,0.10957453691423752
b0a028857d9a81dd,0.12835197421210895
c7da65ddda5ab002,0.14119673449223186
8faf1048140782ab,0.12559021720780106
d0f1cbe5f5c2cc97,0.1478957215265152
766a85256e2db000,0.04614965784182498
83f8495a5ff0fc2d,0.047165404026484226
a57ac84facc6651c,0.18123898106198302
3e18333d2d1812a0,0.047881328472504814
2e2c93c0b28242d7,0.17768037903716694
290025e556e7a964,0.08450985795804129
34abf7197c7817bf,0.12201386637669462
4c990af23095a8ad,0.15634191793589897
b30f0e7ab6ef02e6,0.11876887912011452
955f054ef8ac2a98,0.2948249160036865
efdde8377abe8fe4,0.1425922080519225
cbfaa9b940f4c2cf,0.17893847973767793
51e64153531937a9,0.2392450020990805
3b7b80317148399b,0.1251676890474349
b1de8383db45dfc8,0.12353216208102566
0d3f9429ecf4d4c2,0.049221934567915356
c4499c39e29ecf53,0.10604617126843806
7800f7a3f936332b,0.05737840012694287
b837532e3fdf4a50,0.09685506010597797
c681da0099cefd6a,0.05301344679269263
c7acb3b5705e68f2,0.0494980292759306
7072f5cd32c791ed,0.18612679370221494
00b5216b2f2dfa33,0.8197435160049835
b2ae02f82d15b4ad,0.11986426667804964
5ddd4c1db54b9114,0.11785332347583144
3e6fa59b53549aa5,0.08591763538407861
6b853eda68180bf6,0.17558448787521108
0ee247af650122c3,0.20673166575767699
9e2c6c5193f21067,0.05215326423554387
6cb5b3e20565dfc2,0.15108109988759505
dedaeeed301662dc,0.055111101841428194
7244a91f3ecd611f,0.03247845493097324
d5447b494619e05f,0.13611866993278482
d114e64d8dfca5ca,0.042471216034778325
762e061721ae89c2,0.0429629894788469
0359613691f7c01f,0.09529931386649977
ca90a47bd789f6fd,0.1165899390595134
b43584123f43b018,0.062491883038794264
0770e000ee552df7,0.15273036498671524
b396a1df0d592f4f,0.052095219494077284
51ffd9a173cdec87,0.2110653881381577
38e628d583de2dcc,0.049218268186724756
5e444909efb4f076,0.10035577149124827
147047e5cda600ea,0.12111227632617516
02f5e786b6ca732f,0.06696450605469612
b29abac474eba51d,0.25551774259704224
14f09256775b5595,0.12150277672387291
4132a178395f2d42,0.14437234598959928
3ecf5a5ba7668082,0.05480826961222966
f7b8ef9f4baa3954,0.1833593717735124
344ae6cefc6e5e28,0.05407660028566837
9f8993a4d3fd8c66,0.09517483721335303
02fb2d64b2963430,0.125713798758341
cc3e88fc10db73fd,0.1549172891080392
e1b25ee0d1bded29,0.18280359794576634
6811aeda7c48195f,0.12657066718195253
2caefea2089d3348,0.1534747512425705
06624c42e6f173c4,0.23216459771635906
18d0862452891d30,0.13495476841753162
aeff78b9acbf4d71,0.08167795440338282
3c4fb720d11f542d,0.05532482863501431
ccf649ea4bfee844,0.07638413138496722
72bca5a449e85cd9,0.0592590736236467
fd6a74697a1a9ec1,0.0493575906212403
a629bcd8e7727428,0.04754715051890523
4234c32600399d7b,0.14676302922283774
dbf0f354d6059039,0.05675606267501414
3807b180f301e7e0,0.13509859808653518
5cff8cd0dc4c326d,0.08234397607614974
a28550e03a14c9e2,0.16476506911618402
244915cbbfabaa93,0.043210871553058534
f5d28c37e1483258,0.08041462311807916
625d0351dedf957b,0.11738709019688269
daa98d98f6971d07,0.10846283305982893
aac141e3478df5f8,0.11040602644448659
6e2d6b44bfbd409b,0.1511220801697735
34a46acb36dc8ef8,0.04027918967840975
f709bf78e6f0fe9a,0.07385781470780256
573ce0864f1f1a1e,0.05709637270953394
d6421a369f95b35a,0.08592466559183518
6c74b5b293b1b97b,0.0498774556099981
51cf0713d5fbc070,0.12731776419554403
062ba7304652bc27,0.05398712540243558
930853397c388814,0.03395627297920725
2e48c840c19e48bf,0.14654672109686678
2a51f116e23cffb3,0.11191156890961297
070669d7057f8aa5,0.257994561295325
967936eb15802a83,0.1051427688743531
83ec0a0ff919a926,0.04887748694569987
a35f4a25719a4b95,0.047467005107224326
e646bad2986e850e,0.13088328735389385
8b488afbcc578dfc,0.06410563910663539
13ea6594c14a4026,0.07281389483498177
d0e536523f93f64c,0.08196697913795256
0e5ca22bcfd8c5db,0.1629482951547896
9fb1e891c08b715f,0.0426412098687251
7199fd0ada65fcc2,0.06986479198459336
2275f9dac244010e,0.047320532428933526
24e5ed05f908296f,0.07182740413756673
6cb602b86bec19a4,0.12776714059742042
9325343b0fd3d676,0.07640951968844659
644e5f81463951ba,0.1292011866679242
37046a2dda9e5889,0.06662732249771858
c7df199599dc296d,0.09418193255939313
54e463d760c0c6af,0.04699019976930961
9bde8f101bdb4095,0.09486599235977741
bc5c320666ed7ca3,0.042435993879997684
4e44d72109230bfd,0.1295482134628716
235aebae2ca0d45e,0.1572755454156012
55a1d48711c4359f,0.08727322171380925
c1ec685fcc48d91e,0.10215524677831776
a51c93906bd78ab7,0.12441639675122801
207c0a6423cf7a33,0.11729125131851273
c7693bad80c482e1,0.14419923936146686
36b92309f6e5618a,0.10076179676424216
26ee6d56130da0fc,0.16239300214965857
587c7d36156381d1,0.04593714367745122
50d432d2b52052b2,0.1250225512238744
b738afb14f60d587,0.19623166173382908
1157c08c11e901e9,0.12738526283530988
cfaea6958357ef1d,0.07069076589630471
d8b3ec80ec080d08,0.14289966324184342
809c8f80468b1337,0.12427797999290198
1bdded460bb636a5,0.27605760788175304
96cc52a1a3f13e6b,0.07232581761161748
c97a25af08369f73,0.05307498131945108
0de5d7bc5b46bdc6,0.06949337359684546
c6eca151f8576037,0.10058262756516022
7ef7f606745e05ec,0.0377637003832398
c5ea9ba7fa065f8d,0.3753945299390573
63142c0d75cf9aa4,0.03690762950594402
c396e609d01a9bcc,0.051278098002749746
7c9db70c27860a32,0.12352635979207022
8dd4bb6eda603b43,0.07118224939431403
d5eb724b5ea43bba,0.19030275209465197
e7e9bc7d5e2e5674,0.14759187776169516
24b3176d5020b612,0.1804420596442498
6fed295aff782896,0.40279919280426774
12d17a3ef6b47faa,0.1682813613592834
2c550aa9cd671368,0.04029399262387106
df00e28247baf9ff,0.14158150392270405
9449a45c9d7b914f,0.053026223814927324
9a8393310d9b352a,0.11978749631984567
e1b1b6a194b4b1d6,0.078756434212928
7097d3e397e94525,0.05712646154529757
e3d1f895e94e8bbf,0.12613048725032713
6c46ce4b2303ecb9,0.10221463330477709
999760aff655cfad,0.03833055066818358
6d526f4593563124,0.09634142309553619
467801b5de42246d,0.1251621606581369
81c9cccf75c1503c,0.04544842530752699
bd1aa64c7a5dcc06,0.040439929892875245
df1a75c489d95957,0.043764752136367595
7e6ebb5b237b817e,0.050642006806742496
1aeecba2c7866fb9,0.11632993842461196
14269028868b89d2,0.0650021755304077
5ec456826b243dcb,0.06757883395949482
e574a546f8e193c1,0.19286097068956615
b0ce65cf243f3ae1,0.1303353784741928
8b8e8a00e6e1fdc9,0.05279667028388069
4a87b2b000e87686,0.18770420697607657
1175204fe5f8cb6b,0.08601990311366497
50a79bbfcd719a29,0.12855886726035434
0d8c215cc600c1f5,0.07478633041082865
3ceb989ec05cb0ef,0.1692068054384131
c7ea3f3ae516dbc5,0.04494047206962302
060631dc9f8845f2,0.1246789081415533
4ccc3fe421151149,0.046179406905640326
fd51240f58f2ec0a,0.038400020463329375
9bb25b00d30f4ce0,0.03251763345918543
1e633867010ad35c,0.040540544448684115
90da0c9b099080e2,0.092691563141271
f3ba8015df41ef05,0.15174266095108854
7006c751c11cdc01,0.12014028987570506
db5b922ab7ac849c,0.0724519355152744
8ed9c5e3ceb94d30,0.08888656322356424
32bc573af0d063e6,0.05040455743202365
b6f5ace9b32140b2,0.1632189996072842
2acea7857a236b62,0.10130801831554867
2dd5886a7dff0caf,0.13146257512766582
cec7e9631578eacf,0.2258122848316623
aa1276a52bb96bae,0.16080628727820626
f90658bc8d521271,0.12403389877462997
8b65638e31a74f80,0.12660826726296218
233d4e0eb18d8449,0.17439042625186466
95e779988eaf54f9,0.10936875537709291
ce033e0586a41f4e,0.06445312220015409
29007abfebc6bd71,0.12627287366773057
37555eedf932eb41,0.09516777741993604
43f0b7fdd64e4d62,0.09071172421473438
48d11190742f10b8,0.23718619192603524
54167e2d347acd9f,0.047821943759776955
adf2b2540dad8766,0.14335091082530685
aa4854b6b5329860,0.8610982814519162
371dbcc2d3dab4d7,0.08965385551570418
29fd5cd58cb38dfb,0.1666675104376418
276d786a03dacf69,0.09185025302310267
90290aaf619cb77b,0.06692843430148594
80904c6eddcf06db,0.041767615464492425
5232eeb9a1fa8f60,0.13425691387870067
6205daeed9459b81,0.05889524792204413
6b4abc5da4e3aad2,0.1370099044515187
ecce281c5f6153c3,0.16295073265425852
926feb1c20abd0b8,0.04472119973973904
64874c60d39dc86d,0.18041713599736997
1868aaf30c77d6e0,0.12598886174566049
52e964be6dd475ed,0.3401312488109504
4404ade20ca8acab,0.18820801746841834
f6bbde7cdf6430cf,0.8231571725364285
6f9ac9a8227bf174,0.22800298395962998
e4afa0c3ef07f2b8,0.06453920909944032
a85d4f04f63f1f8b,0.06328414027427647
7f3411e87c2708d7,0.12636285826715055
5be924d7d731a308,0.08478667675246189
41ea202bf96f7295,0.06673187483934276
e7d3e68c097838d3,0.2242631715295605
c21ded045b04b1d7,0.07817874207880571
a87de56d4f2dc966,0.04270198959131992
b073cc5a7d5d1fc4,0.08858518880600924
cdbbb57088163b02,0.06332499605936098
97a093dfe9e1eb64,0.24470915917260408
68aafe54d00b3081,0.11055679584411154
dca611f4099c1df7,0.0650345022706489
068c9856fb6bfd0f,0.04851371483093078
ccec2927e56ab3d2,0.03216842036680999
f4239e382087c8d0,0.18990370475508378
a37f1921e2ae64c3,0.11478997742518843
abc7d40ccad7d04c,0.044345865348042
7be1ba405f826136,0.1761279909423156
82f1ae3eff7b57d1,0.07052131252672028
64bcb6835fcb93ff,0.181480415573941
8a7d498479d37ffe,0.09671091741759477
ddd893f6f7c67340,0.05320122330276315
63438b2313c7cb87,0.04360304035069343
